1000
30 892
138 844
77 478
27 245
178 719
178 718
85 895
181 730
219 882
12 564
152 305
112 225
219 439
102 205
115 231
1 1000
50 101
50 109
117 235
117 433
247 495
247 583
52 214
52 213
52 215
52 234
159 642
159 641
159 643
159 777
131 530
131 529
131 531
131 661
45 606
45 605
45 607
45 691
1 55
1 54
1 56
1 74
175 706
175 705
175 707
175 926
90 366
90 365
90 367
90 442
215 431
215 763
31 63
31 91
14 470
14 469
14 471
14 489
137 554
137 553
137 555
137 585
287 575
287 634
172 694
172 693
172 695
172 991
7 799
7 798
7 800
7 802
351 703
351 922
125 506
125 505
125 507
125 704
249 499
249 570
98 197
98 304
8 833
8 832
8 834
8 845
57 115
57 224
402 805
402 903
146 590
146 589
146 591
146 687
32 207
32 206
32 208
32 235
2 275
2 274
2 276
2 316
13 450
13 449
13 451
13 465
129 789
129 788
129 790
129 816
270 541
270 960
280 561
280 615
63 393
63 392
63 394
63 456
16 826
16 825
16 827
16 870
207 415
207 735
35 486
35 485
35 487
35 495
64 399
64 398
64 400
64 515
9 784
9 783
9 785
9 856
380 761
380 900
83 338
83 337
83 339
83 418
230 461
230 878
267 535
267 870
185 746
185 745
185 747
185 800
185 371
185 541
154 309
154 621
245 491
245 916
368 737
368 992
49 202
49 201
49 203
49 306
112 454
112 453
112 455
112 563
237 475
237 647
380 761
380 908
234 469
234 554
68 137
68 143
159 642
159 641
159 643
159 656
109 669
109 668
109 670
109 758
42 364
42 363
42 365
42 376
123 498
123 497
123 499
123 652
50 206
50 205
50 207
50 272
263 527
263 533
221 890
221 889
221 891
221 899
206 413
206 490
13 388
103 633
103 632
103 634
103 708
394 789
394 928
3 207
3 206
3 208
3 212
232 465
232 854
136 831
136 830
136 832
136 965
134 542
134 541
134 543
134 696
9 954
9 953
9 955
9 976
156 313
156 520
78 157
78 266
220 441
220 778
56 875
56 874
56 876
56 883
103 207
103 266
320 641
320 867
271 543
271 823
238 478
125 506
125 505
125 507
125 579
114 699
114 698
114 700
114 913
116 711
116 710
116 712
116 865
71 596
71 595
71 597
71 736
258 517
258 736
23 737
23 736
23 738
23 752
337 675
337 917
255 511
255 859
71 441
71 440
71 442
71 590
366 733
366 994
218 437
218 782
194 782
194 781
194 783
194 869
203 407
203 483
32 830
32 829
32 831
32 868
22 330
22 329
22 331
22 335
183 367
183 694
229 459
229 596
113 693
113 692
113 694
113 904
75 795
75 794
75 796
75 894
111 223
111 346
147 594
147 593
147 595
147 605
156 630
156 629
156 631
156 701
141 570
141 569
141 571
141 606
397 795
397 943
197 395
197 668
109 669
109 668
109 670
109 840
134 541
134 543
134 550
43 177
43 179
43 246
210 431
54 846
54 848
54 891
70 744
70 746
70 904
256 816
67 273
67 275
67 285
197 793
197 795
197 923
218 515
186 749
186 751
186 919
149 601
149 603
149 680
37 509
37 511
37 536
191 574
480 969
89 548
89 550
89 654
301 643
95 994
95 996
95 999
152 490
326 939
105 318
78 482
78 484
78 645
19 423
19 425
19 431
391 990
7 573
7 575
7 601
7 149
7 151
7 166
170 584
37 414
37 416
37 460
252 686
59 158
244 736
154 458
63 821
63 823
63 934
224 555
167 522
205 716
52 689
52 691
52 699
398 799
446 911
386 796
379 783
62 253
62 255
62 270
35 224
35 226
35 258
7 798
7 800
7 862
349 919
96 590
96 592
96 614
33 212
33 214
33 233
277 847
432 962
54 846
54 848
54 936
366 757
52 689
52 691
52 808
40 545
40 547
40 563
317 934
2 559
2 561
2 568
240 699
329 765
22 896
22 898
22 903
247 611
75 185
67 869
67 871
67 954
34 663
34 665
34 677
153 617
153 619
153 664
330 975
68 881
68 883
68 990
311 778
8 751
8 753
8 803
79 289
12 794
12 796
12 801
353 918
57 749
57 751
57 858
365 933
19 356
19 358
19 373
15 797
15 799
15 809
43 807
43 809
43 861
232 474
115 465
115 467
115 650
135 545
135 547
135 794
72 267
64 684
64 686
64 746
26 170
26 172
26 228
214 861
214 863
214 881
88 542
88 544
88 611
75 627
75 629
75 655
76 306
307 813
282 752
170 464
218 693
131 529
131 531
131 652
372 867
108 485
12 819
34 401
72 249
409 969
346 977
26 228
218 855
55 698
342 764
4 825
220 958
42 395
243 590
239 744
137 757
65 167
166 373
338 800
142 645
187 604
181 881
314 879
196 840
284 746
334 692
70 885
154 445
115 475
165 700
457 927
94 461
23 759
211 576
114 532
90 731
42 367
133 314
85 486
271 809
5 693
205 716
43 621
60 881
41 368
261 764
408 964
163 795
71 337
178 796
278 673
87 793
186 444
114 989
343 780
279 957
313 779
25 645
50 931
121 467
345 811
42 598
132 947
82 617
205 969
53 555
174 410
265 702
313 801
217 926
189 536
132 726
371 925
236 751
299 933
365 879
251 815
173 827
22 416
39 498
84 459
234 783
88 909
55 259
13 979
18 975
217 670
180 502
155 772
161 845
133 671
86 523
31 685
52 380
108 774
187 507
159 489
210 645
67 192
122 762
63 450
269 631
182 988
272 911
476 986
218 861
246 596
2 971
90 584
98 715
54 629
76 472
334 965
80 542
284 729
202 551
134 898
159 821
98 416
73 632
231 915
27 464
4 333
200 940
140 583
112 891
19 396
90 239
79 794
158 563
138 651
287 707
46 669
286 713
69 220
153 366
65 971
232 499
128 311
463 969
35 833
280 794
63 304
316 899
64 552
291 599
449 963
138 385
66 922
174 536
381 872
328 972
28 320
329 743
191 396
82 639
164 970
49 732
13 471
410 912
427 855
303 983
96 642
136 510
323 922
26 935
257 901
261 759
11 613
119 674
72 605
95 318
196 940
241 910
87 660
164 885
38 133
221 945
278 579
374 922
165 331
54 766
348 715
117 675
284 999
26 632
39 454
240 629
238 827
231 606
230 527
74 186
326 680
236 935
95 363
283 850
201 603
167 646
134 750
12 234
447 986
229 540
189 452
71 210
303 646
65 179
10 242
233 909
218 458
221 877
62 273
177 368
149 666
163 887
464 994
304 648
425 854
279 807
79 405
324 953
251 642
26 366
354 993
44 919
54 148
126 279
369 755
116 414
368 988
145 394
60 258
61 912
227 966
98 748
361 958
118 600
138 733
29 552
36 498
75 528
59 590
43 842
1 100
272 776
18 985
45 724
322 718
186 816
134 553
262 800
110 779
58 194
264 540
233 589
124 694
234 824
302 790
174 586
119 836
12 141
105 450
40 229
264 768
1 664
161 886
334 708
144 402
242 548
218 775
107 919
267 717
56 910
33 80
134 315
46 697
164 893
125 381
28 338
189 697
201 831
256 713
141 862
11 781
199 759
402 827
358 834
155 654
246 670
123 511
134 311
70 265
128 996
147 958
259 591
364 937
442 925
309 665
41 633
181 614
204 511
250 672
371 945
294 881
185 736
30 503
178 804
121 507
28 445
102 291
36 843
182 934
142 918
82 764
270 730
268 739
257 785
84 753
210 467
11 616
122 283
156 791
351 944
299 848
306 848
99 677
21 753
357 883
12 158
202 441
394 835
135 334
143 401
182 971
29 480
47 906
27 805
18 207
351 741
364 949
382 770
173 406
101 487
370 994
367 754
191 829
271 832
243 833
271 769
228 788
281 574
308 841
315 732
150 636
208 951
169 682
3 463
98 770
161 853
271 936
139 569
91 336
78 738
46 114
64 813
1 942
106 933
379 790
92 995
207 509
292 697
235 925
187 449
145 607
94 663
146 462
44 176
320 717
143 463
378 767
181 371
11 585
135 394
119 286
124 804
181 684
250 799
3 375
12 100
9 761
280 850
399 898
183 563
315 806
470 953
249 732
104 520
447 987
28 473
75 815
128 692
136 684
63 377
28 574
420 949
308 670
8 706
21 247
121 940
105 583
153 346
276 773
12 948
112 998
108 422
277 950
424 966
20 643
26 532
50 308
179 962
110 771
226 879
285 645
362 881
180 435
137 792
75 822
73 714
12 626
166 646
267 601
159 742
225 492
246 983
159 707
202 848
268 628
81 751
49 246
213 737
58 268
41 96
383 828
159 761
118 668
373 970
273 971
98 409
35 335
27 110
111 540
246 922
99 994
27 483
8 228
274 934
202 710
95 418
1 978
201 698
160 617
243 809
200 962
6 133
47 681
119 435
16 798
177 417
156 683
343 749
292 814
11 635
129 393
111 876
414 891
87 766
57 870
220 988
395 939
155 523
453 949
373 784
233 877
166 918
185 921
140 940
423 909
66 986
104 315
271 790
248 613
61 828
