1
2
3
4
5
6
7
8
9
11
22
33
44
55
66
77
88
99
101
202
303
404
505
606
707
808
909
111
212
313
414
515
616
717
818
919
121
222
323
424
525
626
727
828
929
131
232
333
434
535
636
737
838
939
141
242
343
444
545
646
747
848
949
151
252
353
454
555
656
757
858
959
161
262
363
464
565
666
767
868
969
171
272
373
474
575
676
777
878
979
181
282
383
484
585
686
787
888
989
191
292
393
494
595
696
797
898
999
1001
2002
3003
4004
5005
6006
7007
8008
9009
1111
2112
3113
4114
5115
6116
7117
8118
9119
1221
2222
3223
4224
5225
6226
7227
8228
9229
1331
2332
3333
4334
5335
6336
7337
8338
9339
1441
2442
3443
4444
5445
6446
7447
8448
9449
1551
2552
3553
4554
5555
6556
7557
8558
9559
1661
2662
3663
4664
5665
6666
7667
8668
9669
1771
2772
3773
4774
5775
6776
7777
8778
9779
1881
2882
3883
4884
5885
6886
7887
8888
9889
1991
2992
3993
4994
5995
6996
7997
8998
9999
10001
20002
30003
40004
50005
60006
70007
80008
90009
11011
21012
31013
41014
51015
61016
71017
81018
91019
12021
22022
32023
42024
52025
62026
72027
82028
92029
13031
23032
33033
43034
53035
63036
73037
83038
93039
14041
24042
34043
44044
54045
64046
74047
84048
94049
15051
25052
35053
45054
55055
65056
75057
85058
95059
16061
26062
36063
46064
56065
66066
76067
86068
96069
17071
27072
37073
47074
57075
67076
77077
87078
97079
18081
28082
38083
48084
58085
68086
78087
88088
98089
19091
29092
39093
49094
59095
69096
79097
89098
99099
10101
20102
30103
40104
50105
60106
70107
80108
90109
11111
21112
31113
41114
51115
61116
71117
81118
91119
12121
22122
32123
42124
52125
62126
72127
82128
92129
13131
23132
33133
43134
53135
63136
73137
83138
93139
14141
24142
34143
44144
54145
64146
74147
84148
94149
15151
25152
35153
45154
55155
65156
75157
85158
95159
16161
26162
36163
46164
56165
66166
76167
86168
96169
17171
27172
37173
47174
57175
67176
77177
87178
97179
18181
28182
38183
48184
58185
68186
78187
88188
98189
19191
29192
39193
49194
59195
69196
79197
89198
99199
10201
20202
30203
40204
50205
60206
70207
80208
90209
11211
21212
31213
41214
51215
61216
71217
81218
91219
12221
22222
32223
42224
52225
62226
72227
82228
92229
13231
23232
33233
43234
53235
63236
73237
83238
93239
14241
24242
34243
44244
54245
64246
74247
84248
94249
15251
25252
35253
45254
55255
65256
75257
85258
95259
16261
26262
36263
46264
56265
66266
76267
86268
96269
17271
27272
37273
47274
57275
67276
77277
87278
97279
18281
28282
38283
48284
58285
68286
78287
88288
98289
19291
29292
39293
49294
59295
69296
79297
89298
99299
10301
20302
30303
40304
50305
60306
70307
80308
90309
11311
21312
31313
41314
51315
61316
71317
81318
91319
12321
22322
32323
42324
52325
62326
72327
82328
92329
13331
23332
33333
43334
53335
63336
73337
83338
93339
14341
24342
34343
44344
54345
64346
74347
84348
94349
15351
25352
35353
45354
55355
65356
75357
85358
95359
16361
26362
36363
46364
56365
66366
76367
86368
96369
17371
27372
37373
47374
57375
67376
77377
87378
97379
18381
28382
38383
48384
58385
68386
78387
88388
98389
19391
29392
39393
49394
59395
69396
79397
89398
99399
10401
20402
30403
40404
50405
60406
70407
80408
90409
11411
21412
31413
41414
51415
61416
71417
81418
91419
12421
22422
32423
42424
52425
62426
72427
82428
92429
13431
23432
33433
43434
53435
63436
73437
83438
93439
14441
24442
34443
44444
54445
64446
74447
84448
94449
15451
25452
35453
45454
55455
65456
75457
85458
95459
16461
26462
36463
46464
56465
66466
76467
86468
96469
17471
27472
37473
47474
57475
67476
77477
87478
97479
18481
28482
38483
48484
58485
68486
78487
88488
98489
19491
29492
39493
49494
59495
69496
79497
89498
99499
10501
20502
30503
40504
50505
60506
70507
80508
90509
11511
21512
31513
41514
51515
61516
71517
81518
91519
12521
22522
32523
42524
52525
62526
72527
82528
92529
13531
23532
33533
43534
53535
63536
73537
83538
93539
14541
24542
34543
44544
54545
64546
74547
84548
94549
15551
25552
35553
45554
55555
65556
75557
85558
95559
16561
26562
36563
46564
56565
66566
76567
86568
96569
17571
27572
37573
47574
57575
67576
77577
87578
97579
18581
28582
38583
48584
58585
68586
78587
88588
98589
19591
29592
39593
49594
59595
69596
79597
89598
99599
10601
20602
30603
40604
50605
60606
70607
80608
90609
11611
21612
31613
41614
51615
61616
71617
81618
91619
12621
22622
32623
42624
52625
62626
72627
82628
92629
13631
23632
33633
43634
53635
63636
73637
83638
93639
14641
24642
34643
44644
54645
64646
74647
84648
94649
15651
25652
35653
45654
55655
65656
75657
85658
95659
16661
26662
36663
46664
56665
66666
76667
86668
96669
17671
27672
37673
47674
57675
67676
77677
87678
97679
18681
28682
38683
48684
58685
68686
78687
88688
98689
19691
29692
39693
49694
59695
69696
79697
89698
99699
10701
20702
30703
40704
50705
60706
70707
80708
90709
11711
21712
31713
41714
51715
61716
71717
81718
91719
12721
22722
32723
42724
52725
62726
72727
82728
92729
13731
23732
33733
43734
53735
63736
73737
83738
93739
14741
24742
34743
44744
54745
64746
74747
84748
94749
15751
25752
35753
45754
55755
65756
75757
85758
95759
16761
26762
36763
46764
56765
66766
76767
86768
96769
17771
27772
37773
47774
57775
67776
77777
87778
97779
18781
28782
38783
48784
58785
68786
78787
88788
98789
19791
29792
39793
49794
59795
69796
79797
89798
99799
10801
20802
30803
40804
50805
60806
70807
80808
90809
11811
21812
31813
41814
51815
61816
71817
81818
91819
12821
22822
32823
42824
52825
62826
72827
82828
92829
13831
23832
33833
43834
53835
63836
73837
83838
93839
14841
24842
34843
44844
54845
64846
74847
84848
94849
15851
25852
35853
45854
55855
65856
75857
85858
95859
16861
26862
36863
46864
56865
66866
76867
86868
96869
17871
27872
37873
47874
57875
67876
77877
87878
97879
18881
28882
38883
48884
58885
68886
78887
88888
98889
19891
29892
39893
49894
59895
69896
79897
89898
99899
10901
20902
30903
40904
50905
60906
70907
80908
90909
11911
21912
31913
41914
51915
61916
71917
81918
91919
12921
22922
32923
42924
52925
62926
72927
82928
92929
13931
23932
33933
43934
53935
63936
73937
83938
93939
14941
24942
34943
44944
54945
64946
74947
84948
94949
15951
25952
35953
45954
55955
65956
75957
85958
95959
16961
26962
36963
46964
56965
66966
76967
86968
96969
17971
27972
37973
47974
57975
67976
77977
87978
97979
18981
28982
38983
48984
58985
68986
78987
88988
98989
19991
29992
39993
49994
59995
69996
79997
89998
99999
100001
200002
300003
400004
500005
600006
700007
800008
900009
110011
210012
310013
410014
510015
610016
710017
810018
910019
120021
220022
320023
420024
520025
620026
720027
820028
920029
130031
230032
330033
430034
530035
630036
730037
830038
930039
140041
240042
340043
440044
540045
640046
740047
840048
940049
150051
250052
350053
450054
550055
650056
750057
850058
950059
160061
260062
360063
460064
560065
660066
760067
860068
960069
170071
270072
370073
470074
570075
670076
770077
870078
970079
180081
280082
380083
480084
580085
680086
780087
880088
980089
190091
290092
390093
490094
590095
690096
790097
890098
990099
101101
201102
301103
401104
501105
601106
701107
801108
901109
111111
211112
311113
411114
511115
611116
711117
811118
911119
121121
221122
321123
421124
521125
621126
721127
821128
921129
131131
231132
331133
431134
531135
631136
731137
831138
931139
141141
241142
341143
441144
541145
641146
741147
841148
941149
151151
251152
351153
451154
551155
651156
751157
851158
951159
161161
261162
361163
461164
561165
661166
761167
861168
961169
171171
271172
371173
471174
571175
671176
771177
871178
971179
181181
281182
381183
481184
581185
681186
781187
881188
981189
191191
291192
391193
491194
591195
691196
791197
891198
991199
102201
202202
302203
402204
502205
602206
702207
802208
902209
112211
212212
312213
412214
512215
612216
712217
812218
912219
122221
222222
322223
422224
522225
622226
722227
822228
922229
132231
232232
332233
432234
532235
632236
732237
832238
932239
142241
242242
342243
442244
542245
642246
742247
842248
942249
152251
252252
352253
452254
552255
652256
752257
852258
952259
162261
262262
362263
462264
562265
662266
762267
862268
962269
172271
272272
372273
472274
572275
672276
772277
872278
972279
182281
282282
382283
482284
582285
682286
782287
882288
982289
192291
292292
392293
492294
592295
692296
792297
892298
992299
103301
203302
303303
403304
503305
603306
703307
803308
903309
113311
213312
313313
413314
513315
613316
713317
813318
913319
123321
223322
323323
423324
523325
623326
723327
823328
923329
133331
233332
333333
433334
533335
633336
733337
833338
933339
143341
243342
343343
443344
543345
643346
743347
843348
943349
153351
253352
353353
453354
553355
653356
753357
853358
953359
163361
263362
363363
463364
563365
663366
763367
863368
963369
173371
273372
373373
473374
573375
673376
773377
873378
973379
183381
283382
383383
483384
583385
683386
783387
883388
983389
193391
293392
393393
493394
593395
693396
793397
893398
993399
104401
204402
304403
404404
504405
604406
704407
804408
904409
114411
214412
314413
414414
514415
614416
714417
814418
914419
124421
224422
324423
424424
524425
624426
724427
824428
924429
134431
234432
334433
434434
534435
634436
734437
834438
934439
144441
244442
344443
444444
544445
644446
744447
844448
944449
154451
254452
354453
454454
554455
654456
754457
854458
954459
164461
264462
364463
464464
564465
664466
764467
864468
964469
174471
274472
374473
474474
574475
674476
774477
874478
974479
184481
284482
384483
484484
584485
684486
784487
884488
984489
194491
294492
394493
494494
594495
694496
794497
894498
994499
105501
205502
305503
405504
505505
605506
705507
805508
905509
115511
215512
315513
415514
515515
615516
715517
815518
915519
125521
225522
325523
425524
525525
625526
725527
825528
925529
135531
235532
335533
435534
535535
635536
735537
835538
935539
145541
245542
345543
445544
545545
645546
745547
845548
945549
155551
255552
355553
455554
555555
655556
755557
855558
955559
165561
265562
365563
465564
565565
665566
765567
865568
965569
175571
275572
375573
475574
575575
675576
775577
875578
975579
185581
285582
385583
485584
585585
685586
785587
885588
985589
195591
295592
395593
495594
595595
695596
795597
895598
995599
106601
206602
306603
406604
506605
606606
706607
806608
906609
116611
216612
316613
416614
516615
616616
716617
816618
916619
126621
226622
326623
426624
526625
626626
726627
826628
926629
136631
236632
336633
436634
536635
636636
736637
836638
936639
146641
246642
346643
446644
546645
646646
746647
846648
946649
156651
256652
356653
456654
556655
656656
756657
856658
956659
166661
266662
366663
466664
566665
666666
766667
866668
966669
176671
276672
376673
476674
576675
676676
776677
876678
976679
186681
286682
386683
486684
586685
686686
786687
886688
986689
196691
296692
396693
496694
596695
696696
796697
896698
996699
107701
207702
307703
407704
507705
607706
707707
807708
907709
117711
217712
317713
417714
517715
617716
717717
817718
917719
127721
227722
327723
427724
527725
627726
727727
827728
927729
137731
237732
337733
437734
537735
637736
737737
837738
937739
147741
247742
347743
447744
547745
647746
747747
847748
947749
157751
257752
357753
457754
557755
657756
757757
857758
957759
167761
267762
367763
467764
567765
667766
767767
867768
967769
177771
277772
377773
477774
577775
677776
777777
877778
977779
187781
287782
387783
487784
587785
687786
787787
887788
987789
197791
297792
397793
497794
597795
697796
797797
897798
997799
108801
208802
308803
408804
508805
608806
708807
808808
908809
118811
218812
318813
418814
518815
618816
718817
818818
918819
128821
228822
328823
428824
528825
628826
728827
828828
928829
138831
238832
338833
438834
538835
638836
738837
838838
938839
148841
248842
348843
448844
548845
648846
748847
848848
948849
158851
258852
358853
458854
558855
658856
758857
858858
958859
168861
268862
368863
468864
568865
668866
768867
868868
968869
178871
278872
378873
478874
578875
678876
778877
878878
978879
188881
288882
388883
488884
588885
688886
788887
888888
988889
198891
298892
398893
498894
598895
698896
798897
898898
998899
109901
209902
309903
409904
509905
609906
709907
809908
909909
119911
219912
319913
419914
519915
619916
719917
819918
919919
129921
229922
329923
429924
529925
629926
729927
829928
929929
139931
239932
339933
439934
539935
639936
739937
839938
939939
149941
249942
349943
449944
549945
649946
749947
849948
949949
159951
259952
359953
459954
559955
659956
759957
859958
959959
169961
269962
369963
469964
569965
669966
769967
869968
969969
179971
279972
379973
479974
579975
679976
779977
879978
979979
189981
289982
389983
489984
589985
689986
789987
889988
989989
199991
299992
399993
499994
599995
699996
799997
899998
999999
1000001
2000002
3000003
4000004
5000005
6000006
7000007
8000008
9000009
1100011
2100012
3100013
4100014
5100015
6100016
7100017
8100018
9100019
1200021
2200022
3200023
4200024
5200025
6200026
7200027
8200028
9200029
1300031
2300032
3300033
4300034
5300035
6300036
7300037
8300038
9300039
1400041
2400042
3400043
4400044
5400045
6400046
7400047
8400048
9400049
1500051
2500052
3500053
4500054
5500055
6500056
7500057
8500058
9500059
1600061
2600062
3600063
4600064
5600065
6600066
7600067
8600068
9600069
1700071
2700072
3700073
4700074
5700075
6700076
7700077
8700078
9700079
1800081
2800082
3800083
4800084
5800085
6800086
7800087
8800088
9800089
1900091
2900092
3900093
4900094
5900095
6900096
7900097
8900098
9900099
1010101
2010102
3010103
4010104
5010105
6010106
7010107
8010108
9010109
1110111
2110112
3110113
4110114
5110115
6110116
7110117
8110118
9110119
1210121
2210122
3210123
4210124
5210125
6210126
7210127
8210128
9210129
1310131
2310132
3310133
4310134
5310135
6310136
7310137
8310138
9310139
1410141
2410142
3410143
4410144
5410145
6410146
7410147
8410148
9410149
1510151
2510152
3510153
4510154
5510155
6510156
7510157
8510158
9510159
1610161
2610162
3610163
4610164
5610165
6610166
7610167
8610168
9610169
1710171
2710172
3710173
4710174
5710175
6710176
7710177
8710178
9710179
1810181
2810182
3810183
4810184
5810185
6810186
7810187
8810188
9810189
1910191
2910192
3910193
4910194
5910195
6910196
7910197
8910198
9910199
1020201
2020202
3020203
4020204
5020205
6020206
7020207
8020208
9020209
1120211
2120212
3120213
4120214
5120215
6120216
7120217
8120218
9120219
1220221
2220222
3220223
4220224
5220225
6220226
7220227
8220228
9220229
1320231
2320232
3320233
4320234
5320235
6320236
7320237
8320238
9320239
1420241
2420242
3420243
4420244
5420245
6420246
7420247
8420248
9420249
1520251
2520252
3520253
4520254
5520255
6520256
7520257
8520258
9520259
1620261
2620262
3620263
4620264
5620265
6620266
7620267
8620268
9620269
1720271
2720272
3720273
4720274
5720275
6720276
7720277
8720278
9720279
1820281
2820282
3820283
4820284
5820285
6820286
7820287
8820288
9820289
1920291
2920292
3920293
4920294
5920295
6920296
7920297
8920298
9920299
1030301
2030302
3030303
4030304
5030305
6030306
7030307
8030308
9030309
1130311
2130312
3130313
4130314
5130315
6130316
7130317
8130318
9130319
1230321
2230322
3230323
4230324
5230325
6230326
7230327
8230328
9230329
1330331
2330332
3330333
4330334
5330335
6330336
7330337
8330338
9330339
1430341
2430342
3430343
4430344
5430345
6430346
7430347
8430348
9430349
1530351
2530352
3530353
4530354
5530355
6530356
7530357
8530358
9530359
1630361
2630362
3630363
4630364
5630365
6630366
7630367
8630368
9630369
1730371
2730372
3730373
4730374
5730375
6730376
7730377
8730378
9730379
1830381
2830382
3830383
4830384
5830385
6830386
7830387
8830388
9830389
1930391
2930392
3930393
4930394
5930395
6930396
7930397
8930398
9930399
1040401
2040402
3040403
4040404
5040405
6040406
7040407
8040408
9040409
1140411
2140412
3140413
4140414
5140415
6140416
7140417
8140418
9140419
1240421
2240422
3240423
4240424
5240425
6240426
7240427
8240428
9240429
1340431
2340432
3340433
4340434
5340435
6340436
7340437
8340438
9340439
1440441
2440442
3440443
4440444
5440445
6440446
7440447
8440448
9440449
1540451
2540452
3540453
4540454
5540455
6540456
7540457
8540458
9540459
1640461
2640462
3640463
4640464
5640465
6640466
7640467
8640468
9640469
1740471
2740472
3740473
4740474
5740475
6740476
7740477
8740478
9740479
1840481
2840482
3840483
4840484
5840485
6840486
7840487
8840488
9840489
1940491
2940492
3940493
4940494
5940495
6940496
7940497
8940498
9940499
1050501
2050502
3050503
4050504
5050505
6050506
7050507
8050508
9050509
1150511
2150512
3150513
4150514
5150515
6150516
7150517
8150518
9150519
1250521
2250522
3250523
4250524
5250525
6250526
7250527
8250528
9250529
1350531
2350532
3350533
4350534
5350535
6350536
7350537
8350538
9350539
1450541
2450542
3450543
4450544
5450545
6450546
7450547
8450548
9450549
1550551
2550552
3550553
4550554
5550555
6550556
7550557
8550558
9550559
1650561
2650562
3650563
4650564
5650565
6650566
7650567
8650568
9650569
1750571
2750572
3750573
4750574
5750575
6750576
7750577
8750578
9750579
1850581
2850582
3850583
4850584
5850585
6850586
7850587
8850588
9850589
1950591
2950592
3950593
4950594
5950595
6950596
7950597
8950598
9950599
1060601
2060602
3060603
4060604
5060605
6060606
7060607
8060608
9060609
1160611
2160612
3160613
4160614
5160615
6160616
7160617
8160618
9160619
1260621
2260622
3260623
4260624
5260625
6260626
7260627
8260628
9260629
1360631
2360632
3360633
4360634
5360635
6360636
7360637
8360638
9360639
1460641
2460642
3460643
4460644
5460645
6460646
7460647
8460648
9460649
1560651
2560652
3560653
4560654
5560655
6560656
7560657
8560658
9560659
1660661
2660662
3660663
4660664
5660665
6660666
7660667
8660668
9660669
1760671
2760672
3760673
4760674
5760675
6760676
7760677
8760678
9760679
1860681
2860682
3860683
4860684
5860685
6860686
7860687
8860688
9860689
1960691
2960692
3960693
4960694
5960695
6960696
7960697
8960698
9960699
1070701
2070702
3070703
4070704
5070705
6070706
7070707
8070708
9070709
1170711
2170712
3170713
4170714
5170715
6170716
7170717
8170718
9170719
1270721
2270722
3270723
4270724
5270725
6270726
7270727
8270728
9270729
1370731
2370732
3370733
4370734
5370735
6370736
7370737
8370738
9370739
1470741
2470742
3470743
4470744
5470745
6470746
7470747
8470748
9470749
1570751
2570752
3570753
4570754
5570755
6570756
7570757
8570758
9570759
1670761
2670762
3670763
4670764
5670765
6670766
7670767
8670768
9670769
1770771
2770772
3770773
4770774
5770775
6770776
7770777
8770778
9770779
1870781
2870782
3870783
4870784
5870785
6870786
7870787
8870788
9870789
1970791
2970792
3970793
4970794
5970795
6970796
7970797
8970798
9970799
1080801
2080802
3080803
4080804
5080805
6080806
7080807
8080808
9080809
1180811
2180812
3180813
4180814
5180815
6180816
7180817
8180818
9180819
1280821
2280822
3280823
4280824
5280825
6280826
7280827
8280828
9280829
1380831
2380832
3380833
4380834
5380835
6380836
7380837
8380838
9380839
1480841
2480842
3480843
4480844
5480845
6480846
7480847
8480848
9480849
1580851
2580852
3580853
4580854
5580855
6580856
7580857
8580858
9580859
1680861
2680862
3680863
4680864
5680865
6680866
7680867
8680868
9680869
1780871
2780872
3780873
4780874
5780875
6780876
7780877
8780878
9780879
1880881
2880882
3880883
4880884
5880885
6880886
7880887
8880888
9880889
1980891
2980892
3980893
4980894
5980895
6980896
7980897
8980898
9980899
1090901
2090902
3090903
4090904
5090905
6090906
7090907
8090908
9090909
1190911
2190912
3190913
4190914
5190915
6190916
7190917
8190918
9190919
1290921
2290922
3290923
4290924
5290925
6290926
7290927
8290928
9290929
1390931
2390932
3390933
4390934
5390935
6390936
7390937
8390938
9390939
1490941
2490942
3490943
4490944
5490945
6490946
7490947
8490948
9490949
1590951
2590952
3590953
4590954
5590955
6590956
7590957
8590958
9590959
1690961
2690962
3690963
4690964
5690965
6690966
7690967
8690968
9690969
1790971
2790972
3790973
4790974
5790975
6790976
7790977
8790978
9790979
1890981
2890982
3890983
4890984
5890985
6890986
7890987
8890988
9890989
1990991
2990992
3990993
4990994
5990995
6990996
7990997
8990998
9990999
1001001
2001002
3001003
4001004
5001005
6001006
7001007
8001008
9001009
1101011
2101012
3101013
4101014
5101015
6101016
7101017
8101018
9101019
1201021
2201022
3201023
4201024
5201025
6201026
7201027
8201028
9201029
1301031
2301032
3301033
4301034
5301035
6301036
7301037
8301038
9301039
1401041
2401042
3401043
4401044
5401045
6401046
7401047
8401048
9401049
1501051
2501052
3501053
4501054
5501055
6501056
7501057
8501058
9501059
1601061
2601062
3601063
4601064
5601065
6601066
7601067
8601068
9601069
1701071
2701072
3701073
4701074
5701075
6701076
7701077
8701078
9701079
1801081
2801082
3801083
4801084
5801085
6801086
7801087
8801088
9801089
1901091
2901092
3901093
4901094
5901095
6901096
7901097
8901098
9901099
1011101
2011102
3011103
4011104
5011105
6011106
7011107
8011108
9011109
1111111
2111112
3111113
4111114
5111115
6111116
7111117
8111118
9111119
1211121
2211122
3211123
4211124
5211125
6211126
7211127
8211128
9211129
1311131
2311132
3311133
4311134
5311135
6311136
7311137
8311138
9311139
1411141
2411142
3411143
4411144
5411145
6411146
7411147
8411148
9411149
1511151
2511152
3511153
4511154
5511155
6511156
7511157
8511158
9511159
1611161
2611162
3611163
4611164
5611165
6611166
7611167
8611168
9611169
1711171
2711172
3711173
4711174
5711175
6711176
7711177
8711178
9711179
1811181
2811182
3811183
4811184
5811185
6811186
7811187
8811188
9811189
1911191
2911192
3911193
4911194
5911195
6911196
7911197
8911198
9911199
1021201
2021202
3021203
4021204
5021205
6021206
7021207
8021208
9021209
1121211
2121212
3121213
4121214
5121215
6121216
7121217
8121218
9121219
1221221
2221222
3221223
4221224
5221225
6221226
7221227
8221228
9221229
1321231
2321232
3321233
4321234
5321235
6321236
7321237
8321238
9321239
1421241
2421242
3421243
4421244
5421245
6421246
7421247
8421248
9421249
1521251
2521252
3521253
4521254
5521255
6521256
7521257
8521258
9521259
1621261
2621262
3621263
4621264
5621265
6621266
7621267
8621268
9621269
1721271
2721272
3721273
4721274
5721275
6721276
7721277
8721278
9721279
1821281
2821282
3821283
4821284
5821285
6821286
7821287
8821288
9821289
1921291
2921292
3921293
4921294
5921295
6921296
7921297
8921298
9921299
1031301
2031302
3031303
4031304
5031305
6031306
7031307
8031308
9031309
1131311
2131312
3131313
4131314
5131315
6131316
7131317
8131318
9131319
1231321
2231322
3231323
4231324
5231325
6231326
7231327
8231328
9231329
1331331
2331332
3331333
4331334
5331335
6331336
7331337
8331338
9331339
1431341
2431342
3431343
4431344
5431345
6431346
7431347
8431348
9431349
1531351
2531352
3531353
4531354
5531355
6531356
7531357
8531358
9531359
1631361
2631362
3631363
4631364
5631365
6631366
7631367
8631368
9631369
1731371
2731372
3731373
4731374
5731375
6731376
7731377
8731378
9731379
1831381
2831382
3831383
4831384
5831385
6831386
7831387
8831388
9831389
1931391
2931392
3931393
4931394
5931395
6931396
7931397
8931398
9931399
1041401
2041402
3041403
4041404
5041405
6041406
7041407
8041408
9041409
1141411
2141412
3141413
4141414
5141415
6141416
7141417
8141418
9141419
1241421
2241422
3241423
4241424
5241425
6241426
7241427
8241428
9241429
1341431
2341432
3341433
4341434
5341435
6341436
7341437
8341438
9341439
1441441
2441442
3441443
4441444
5441445
6441446
7441447
8441448
9441449
1541451
2541452
3541453
4541454
5541455
6541456
7541457
8541458
9541459
1641461
2641462
3641463
4641464
5641465
6641466
7641467
8641468
9641469
1741471
2741472
3741473
4741474
5741475
6741476
7741477
8741478
9741479
1841481
2841482
3841483
4841484
5841485
6841486
7841487
8841488
9841489
1941491
2941492
3941493
4941494
5941495
6941496
7941497
8941498
9941499
1051501
2051502
3051503
4051504
5051505
6051506
7051507
8051508
9051509
1151511
2151512
3151513
4151514
5151515
6151516
7151517
8151518
9151519
1251521
2251522
3251523
4251524
5251525
6251526
7251527
8251528
9251529
1351531
2351532
3351533
4351534
5351535
6351536
7351537
8351538
9351539
1451541
2451542
3451543
4451544
5451545
6451546
7451547
8451548
9451549
1551551
2551552
3551553
4551554
5551555
6551556
7551557
8551558
9551559
1651561
2651562
3651563
4651564
5651565
6651566
7651567
8651568
9651569
1751571
2751572
3751573
4751574
5751575
6751576
7751577
8751578
9751579
1851581
2851582
3851583
4851584
5851585
6851586
7851587
8851588
9851589
1951591
2951592
3951593
4951594
5951595
6951596
7951597
8951598
9951599
1061601
2061602
3061603
4061604
5061605
6061606
7061607
8061608
9061609
1161611
2161612
3161613
4161614
5161615
6161616
7161617
8161618
9161619
1261621
2261622
3261623
4261624
5261625
6261626
7261627
8261628
9261629
1361631
2361632
3361633
4361634
5361635
6361636
7361637
8361638
9361639
1461641
2461642
3461643
4461644
5461645
6461646
7461647
8461648
9461649
1561651
2561652
3561653
4561654
5561655
6561656
7561657
8561658
9561659
1661661
2661662
3661663
4661664
5661665
6661666
7661667
8661668
9661669
1761671
2761672
3761673
4761674
5761675
6761676
7761677
8761678
9761679
1861681
2861682
3861683
4861684
5861685
6861686
7861687
8861688
9861689
1961691
2961692
3961693
4961694
5961695
6961696
7961697
8961698
9961699
1071701
2071702
3071703
4071704
5071705
6071706
7071707
8071708
9071709
1171711
2171712
3171713
4171714
5171715
6171716
7171717
8171718
9171719
1271721
2271722
3271723
4271724
5271725
6271726
7271727
8271728
9271729
1371731
2371732
3371733
4371734
5371735
6371736
7371737
8371738
9371739
1471741
2471742
3471743
4471744
5471745
6471746
7471747
8471748
9471749
1571751
2571752
3571753
4571754
5571755
6571756
7571757
8571758
9571759
1671761
2671762
3671763
4671764
5671765
6671766
7671767
8671768
9671769
1771771
2771772
3771773
4771774
5771775
6771776
7771777
8771778
9771779
1871781
2871782
3871783
4871784
5871785
6871786
7871787
8871788
9871789
1971791
2971792
3971793
4971794
5971795
6971796
7971797
8971798
9971799
1081801
2081802
3081803
4081804
5081805
6081806
7081807
8081808
9081809
1181811
2181812
3181813
4181814
5181815
6181816
7181817
8181818
9181819
1281821
2281822
3281823
4281824
5281825
6281826
7281827
8281828
9281829
1381831
2381832
3381833
4381834
5381835
6381836
7381837
8381838
9381839
1481841
2481842
3481843
4481844
5481845
6481846
7481847
8481848
9481849
1581851
2581852
3581853
4581854
5581855
6581856
7581857
8581858
9581859
1681861
2681862
3681863
4681864
5681865
6681866
7681867
8681868
9681869
1781871
2781872
3781873
4781874
5781875
6781876
7781877
8781878
9781879
1881881
2881882
3881883
4881884
5881885
6881886
7881887
8881888
9881889
1981891
2981892
3981893
4981894
5981895
6981896
7981897
8981898
9981899
1091901
2091902
3091903
4091904
5091905
6091906
7091907
8091908
9091909
1191911
2191912
3191913
4191914
5191915
6191916
7191917
8191918
9191919
1291921
2291922
3291923
4291924
5291925
6291926
7291927
8291928
9291929
1391931
2391932
3391933
4391934
5391935
6391936
7391937
8391938
9391939
1491941
2491942
3491943
4491944
5491945
6491946
7491947
8491948
9491949
1591951
2591952
3591953
4591954
5591955
6591956
7591957
8591958
9591959
1691961
2691962
3691963
4691964
5691965
6691966
7691967
8691968
9691969
1791971
2791972
3791973
4791974
5791975
6791976
7791977
8791978
9791979
1891981
2891982
3891983
4891984
5891985
6891986
7891987
8891988
9891989
1991991
2991992
3991993
4991994
5991995
6991996
7991997
8991998
9991999
1002001
2002002
3002003
4002004
5002005
6002006
7002007
8002008
9002009
1102011
2102012
3102013
4102014
5102015
6102016
7102017
8102018
9102019
1202021
2202022
3202023
4202024
5202025
6202026
7202027
8202028
9202029
1302031
2302032
3302033
4302034
5302035
6302036
7302037
8302038
9302039
1402041
2402042
3402043
4402044
5402045
6402046
7402047
8402048
9402049
1502051
2502052
3502053
4502054
5502055
6502056
7502057
8502058
9502059
1602061
2602062
3602063
4602064
5602065
6602066
7602067
8602068
9602069
1702071
2702072
3702073
4702074
5702075
6702076
7702077
8702078
9702079
1802081
2802082
3802083
4802084
5802085
6802086
7802087
8802088
9802089
1902091
2902092
3902093
4902094
5902095
6902096
7902097
8902098
9902099
1012101
2012102
3012103
4012104
5012105
6012106
7012107
8012108
9012109
1112111
2112112
3112113
4112114
5112115
6112116
7112117
8112118
9112119
1212121
2212122
3212123
4212124
5212125
6212126
7212127
8212128
9212129
1312131
2312132
3312133
4312134
5312135
6312136
7312137
8312138
9312139
1412141
2412142
3412143
4412144
5412145
6412146
7412147
8412148
9412149
1512151
2512152
3512153
4512154
5512155
6512156
7512157
8512158
9512159
1612161
2612162
3612163
4612164
5612165
6612166
7612167
8612168
9612169
1712171
2712172
3712173
4712174
5712175
6712176
7712177
8712178
9712179
1812181
2812182
3812183
4812184
5812185
6812186
7812187
8812188
9812189
1912191
2912192
3912193
4912194
5912195
6912196
7912197
8912198
9912199
1022201
2022202
3022203
4022204
5022205
6022206
7022207
8022208
9022209
1122211
2122212
3122213
4122214
5122215
6122216
7122217
8122218
9122219
1222221
2222222
3222223
4222224
5222225
6222226
7222227
8222228
9222229
1322231
2322232
3322233
4322234
5322235
6322236
7322237
8322238
9322239
1422241
2422242
3422243
4422244
5422245
6422246
7422247
8422248
9422249
1522251
2522252
3522253
4522254
5522255
6522256
7522257
8522258
9522259
1622261
2622262
3622263
4622264
5622265
6622266
7622267
8622268
9622269
1722271
2722272
3722273
4722274
5722275
6722276
7722277
8722278
9722279
1822281
2822282
3822283
4822284
5822285
6822286
7822287
8822288
9822289
1922291
2922292
3922293
4922294
5922295
6922296
7922297
8922298
9922299
1032301
2032302
3032303
4032304
5032305
6032306
7032307
8032308
9032309
1132311
2132312
3132313
4132314
5132315
6132316
7132317
8132318
9132319
1232321
2232322
3232323
4232324
5232325
6232326
7232327
8232328
9232329
1332331
2332332
3332333
4332334
5332335
6332336
7332337
8332338
9332339
1432341
2432342
3432343
4432344
5432345
6432346
7432347
8432348
9432349
1532351
2532352
3532353
4532354
5532355
6532356
7532357
8532358
9532359
1632361
2632362
3632363
4632364
5632365
6632366
7632367
8632368
9632369
1732371
2732372
3732373
4732374
5732375
6732376
7732377
8732378
9732379
1832381
2832382
3832383
4832384
5832385
6832386
7832387
8832388
9832389
1932391
2932392
3932393
4932394
5932395
6932396
7932397
8932398
9932399
1042401
2042402
3042403
4042404
5042405
6042406
7042407
8042408
9042409
1142411
2142412
3142413
4142414
5142415
6142416
7142417
8142418
9142419
1242421
2242422
3242423
4242424
5242425
6242426
7242427
8242428
9242429
1342431
2342432
3342433
4342434
5342435
6342436
7342437
8342438
9342439
1442441
2442442
3442443
4442444
5442445
6442446
7442447
8442448
9442449
1542451
2542452
3542453
4542454
5542455
6542456
7542457
8542458
9542459
1642461
2642462
3642463
4642464
5642465
6642466
7642467
8642468
9642469
1742471
2742472
3742473
4742474
5742475
6742476
7742477
8742478
9742479
1842481
2842482
3842483
4842484
5842485
6842486
7842487
8842488
9842489
1942491
2942492
3942493
4942494
5942495
6942496
7942497
8942498
9942499
1052501
2052502
3052503
4052504
5052505
6052506
7052507
8052508
9052509
1152511
2152512
3152513
4152514
5152515
6152516
7152517
8152518
9152519
1252521
2252522
3252523
4252524
5252525
6252526
7252527
8252528
9252529
1352531
2352532
3352533
4352534
5352535
6352536
7352537
8352538
9352539
1452541
2452542
3452543
4452544
5452545
6452546
7452547
8452548
9452549
1552551
2552552
3552553
4552554
5552555
6552556
7552557
8552558
9552559
1652561
2652562
3652563
4652564
5652565
6652566
7652567
8652568
9652569
1752571
2752572
3752573
4752574
5752575
6752576
7752577
8752578
9752579
1852581
2852582
3852583
4852584
5852585
6852586
7852587
8852588
9852589
1952591
2952592
3952593
4952594
5952595
6952596
7952597
8952598
9952599
1062601
2062602
3062603
4062604
5062605
6062606
7062607
8062608
9062609
1162611
2162612
3162613
4162614
5162615
6162616
7162617
8162618
9162619
1262621
2262622
3262623
4262624
5262625
6262626
7262627
8262628
9262629
1362631
2362632
3362633
4362634
5362635
6362636
7362637
8362638
9362639
1462641
2462642
3462643
4462644
5462645
6462646
7462647
8462648
9462649
1562651
2562652
3562653
4562654
5562655
6562656
7562657
8562658
9562659
1662661
2662662
3662663
4662664
5662665
6662666
7662667
8662668
9662669
1762671
2762672
3762673
4762674
5762675
6762676
7762677
8762678
9762679
1862681
2862682
3862683
4862684
5862685
6862686
7862687
8862688
9862689
1962691
2962692
3962693
4962694
5962695
6962696
7962697
8962698
9962699
1072701
2072702
3072703
4072704
5072705
6072706
7072707
8072708
9072709
1172711
2172712
3172713
4172714
5172715
6172716
7172717
8172718
9172719
1272721
2272722
3272723
4272724
5272725
6272726
7272727
8272728
9272729
1372731
2372732
3372733
4372734
5372735
6372736
7372737
8372738
9372739
1472741
2472742
3472743
4472744
5472745
6472746
7472747
8472748
9472749
1572751
2572752
3572753
4572754
5572755
6572756
7572757
8572758
9572759
1672761
2672762
3672763
4672764
5672765
6672766
7672767
8672768
9672769
1772771
2772772
3772773
4772774
5772775
6772776
7772777
8772778
9772779
1872781
2872782
3872783
4872784
5872785
6872786
7872787
8872788
9872789
1972791
2972792
3972793
4972794
5972795
6972796
7972797
8972798
9972799
1082801
2082802
3082803
4082804
5082805
6082806
7082807
8082808
9082809
1182811
2182812
3182813
4182814
5182815
6182816
7182817
8182818
9182819
1282821
2282822
3282823
4282824
5282825
6282826
7282827
8282828
9282829
1382831
2382832
3382833
4382834
5382835
6382836
7382837
8382838
9382839
1482841
2482842
3482843
4482844
5482845
6482846
7482847
8482848
9482849
1582851
2582852
3582853
4582854
5582855
6582856
7582857
8582858
9582859
1682861
2682862
3682863
4682864
5682865
6682866
7682867
8682868
9682869
1782871
2782872
3782873
4782874
5782875
6782876
7782877
8782878
9782879
1882881
2882882
3882883
4882884
5882885
6882886
7882887
8882888
9882889
1982891
2982892
3982893
4982894
5982895
6982896
7982897
8982898
9982899
1092901
2092902
3092903
4092904
5092905
6092906
7092907
8092908
9092909
1192911
2192912
3192913
4192914
5192915
6192916
7192917
8192918
9192919
1292921
2292922
3292923
4292924
5292925
6292926
7292927
8292928
9292929
1392931
2392932
3392933
4392934
5392935
6392936
7392937
8392938
9392939
1492941
2492942
3492943
4492944
5492945
6492946
7492947
8492948
9492949
1592951
2592952
3592953
4592954
5592955
6592956
7592957
8592958
9592959
1692961
2692962
3692963
4692964
5692965
6692966
7692967
8692968
9692969
1792971
2792972
3792973
4792974
5792975
6792976
7792977
8792978
9792979
1892981
2892982
3892983
4892984
5892985
6892986
7892987
8892988
9892989
1992991
2992992
3992993
4992994
5992995
6992996
7992997
8992998
9992999
1003001
2003002
3003003
4003004
5003005
6003006
7003007
8003008
9003009
1103011
2103012
3103013
4103014
5103015
6103016
7103017
8103018
9103019
1203021
2203022
3203023
4203024
5203025
6203026
7203027
8203028
9203029
1303031
2303032
3303033
4303034
5303035
6303036
7303037
8303038
9303039
1403041
2403042
3403043
4403044
5403045
6403046
7403047
8403048
9403049
1503051
2503052
3503053
4503054
5503055
6503056
7503057
8503058
9503059
1603061
2603062
3603063
4603064
5603065
6603066
7603067
8603068
9603069
1703071
2703072
3703073
4703074
5703075
6703076
7703077
8703078
9703079
1803081
2803082
3803083
4803084
5803085
6803086
7803087
8803088
9803089
1903091
2903092
3903093
4903094
5903095
6903096
7903097
8903098
9903099
1013101
2013102
3013103
4013104
5013105
6013106
7013107
8013108
9013109
1113111
2113112
3113113
4113114
5113115
6113116
7113117
8113118
9113119
1213121
2213122
3213123
4213124
5213125
6213126
7213127
8213128
9213129
1313131
2313132
3313133
4313134
5313135
6313136
7313137
8313138
9313139
1413141
2413142
3413143
4413144
5413145
6413146
7413147
8413148
9413149
1513151
2513152
3513153
4513154
5513155
6513156
7513157
8513158
9513159
1613161
2613162
3613163
4613164
5613165
6613166
7613167
8613168
9613169
1713171
2713172
3713173
4713174
5713175
6713176
7713177
8713178
9713179
1813181
2813182
3813183
4813184
5813185
6813186
7813187
8813188
9813189
1913191
2913192
3913193
4913194
5913195
6913196
7913197
8913198
9913199
1023201
2023202
3023203
4023204
5023205
6023206
7023207
8023208
9023209
1123211
2123212
3123213
4123214
5123215
6123216
7123217
8123218
9123219
1223221
2223222
3223223
4223224
5223225
6223226
7223227
8223228
9223229
1323231
2323232
3323233
4323234
5323235
6323236
7323237
8323238
9323239
1423241
2423242
3423243
4423244
5423245
6423246
7423247
8423248
9423249
1523251
2523252
3523253
4523254
5523255
6523256
7523257
8523258
9523259
1623261
2623262
3623263
4623264
5623265
6623266
7623267
8623268
9623269
1723271
2723272
3723273
4723274
5723275
6723276
7723277
8723278
9723279
1823281
2823282
3823283
4823284
5823285
6823286
7823287
8823288
9823289
1923291
2923292
3923293
4923294
5923295
6923296
7923297
8923298
9923299
1033301
2033302
3033303
4033304
5033305
6033306
7033307
8033308
9033309
1133311
2133312
3133313
4133314
5133315
6133316
7133317
8133318
9133319
1233321
2233322
3233323
4233324
5233325
6233326
7233327
8233328
9233329
1333331
2333332
3333333
4333334
5333335
6333336
7333337
8333338
9333339
1433341
2433342
3433343
4433344
5433345
6433346
7433347
8433348
9433349
1533351
2533352
3533353
4533354
5533355
6533356
7533357
8533358
9533359
1633361
2633362
3633363
4633364
5633365
6633366
7633367
8633368
9633369
1733371
2733372
3733373
4733374
5733375
6733376
7733377
8733378
9733379
1833381
2833382
3833383
4833384
5833385
6833386
7833387
8833388
9833389
1933391
2933392
3933393
4933394
5933395
6933396
7933397
8933398
9933399
1043401
2043402
3043403
4043404
5043405
6043406
7043407
8043408
9043409
1143411
2143412
3143413
4143414
5143415
6143416
7143417
8143418
9143419
1243421
2243422
3243423
4243424
5243425
6243426
7243427
8243428
9243429
1343431
2343432
3343433
4343434
5343435
6343436
7343437
8343438
9343439
1443441
2443442
3443443
4443444
5443445
6443446
7443447
8443448
9443449
1543451
2543452
3543453
4543454
5543455
6543456
7543457
8543458
9543459
1643461
2643462
3643463
4643464
5643465
6643466
7643467
8643468
9643469
1743471
2743472
3743473
4743474
5743475
6743476
7743477
8743478
9743479
1843481
2843482
3843483
4843484
5843485
6843486
7843487
8843488
9843489
1943491
2943492
3943493
4943494
5943495
6943496
7943497
8943498
9943499
1053501
2053502
3053503
4053504
5053505
6053506
7053507
8053508
9053509
1153511
2153512
3153513
4153514
5153515
6153516
7153517
8153518
9153519
1253521
2253522
3253523
4253524
5253525
6253526
7253527
8253528
9253529
1353531
2353532
3353533
4353534
5353535
6353536
7353537
8353538
9353539
1453541
2453542
3453543
4453544
5453545
6453546
7453547
8453548
9453549
1553551
2553552
3553553
4553554
5553555
6553556
7553557
8553558
9553559
1653561
2653562
3653563
4653564
5653565
6653566
7653567
8653568
9653569
1753571
2753572
3753573
4753574
5753575
6753576
7753577
8753578
9753579
1853581
2853582
3853583
4853584
5853585
6853586
7853587
8853588
9853589
1953591
2953592
3953593
4953594
5953595
6953596
7953597
8953598
9953599
1063601
2063602
3063603
4063604
5063605
6063606
7063607
8063608
9063609
1163611
2163612
3163613
4163614
5163615
6163616
7163617
8163618
9163619
1263621
2263622
3263623
4263624
5263625
6263626
7263627
8263628
9263629
1363631
2363632
3363633
4363634
5363635
6363636
7363637
8363638
9363639
1463641
2463642
3463643
4463644
5463645
6463646
7463647
8463648
9463649
1563651
2563652
3563653
4563654
5563655
6563656
7563657
8563658
9563659
1663661
2663662
3663663
4663664
5663665
6663666
7663667
8663668
9663669
1763671
2763672
3763673
4763674
5763675
6763676
7763677
8763678
9763679
1863681
2863682
3863683
4863684
5863685
6863686
7863687
8863688
9863689
1963691
2963692
3963693
4963694
5963695
6963696
7963697
8963698
9963699
1073701
2073702
3073703
4073704
5073705
6073706
7073707
8073708
9073709
1173711
2173712
3173713
4173714
5173715
6173716
7173717
8173718
9173719
1273721
2273722
3273723
4273724
5273725
6273726
7273727
8273728
9273729
1373731
2373732
3373733
4373734
5373735
6373736
7373737
8373738
9373739
1473741
2473742
3473743
4473744
5473745
6473746
7473747
8473748
9473749
1573751
2573752
3573753
4573754
5573755
6573756
7573757
8573758
9573759
1673761
2673762
3673763
4673764
5673765
6673766
7673767
8673768
9673769
1773771
2773772
3773773
4773774
5773775
6773776
7773777
8773778
9773779
1873781
2873782
3873783
4873784
5873785
6873786
7873787
8873788
9873789
1973791
2973792
3973793
4973794
5973795
6973796
7973797
8973798
9973799
1083801
2083802
3083803
4083804
5083805
6083806
7083807
8083808
9083809
1183811
2183812
3183813
4183814
5183815
6183816
7183817
8183818
9183819
1283821
2283822
3283823
4283824
5283825
6283826
7283827
8283828
9283829
1383831
2383832
3383833
4383834
5383835
6383836
7383837
8383838
9383839
1483841
2483842
3483843
4483844
5483845
6483846
7483847
8483848
9483849
1583851
2583852
3583853
4583854
5583855
6583856
7583857
8583858
9583859
1683861
2683862
3683863
4683864
5683865
6683866
7683867
8683868
9683869
1783871
2783872
3783873
4783874
5783875
6783876
7783877
8783878
9783879
1883881
2883882
3883883
4883884
5883885
6883886
7883887
8883888
9883889
1983891
2983892
3983893
4983894
5983895
6983896
7983897
8983898
9983899
1093901
2093902
3093903
4093904
5093905
6093906
7093907
8093908
9093909
1193911
2193912
3193913
4193914
5193915
6193916
7193917
8193918
9193919
1293921
2293922
3293923
4293924
5293925
6293926
7293927
8293928
9293929
1393931
2393932
3393933
4393934
5393935
6393936
7393937
8393938
9393939
1493941
2493942
3493943
4493944
5493945
6493946
7493947
8493948
9493949
1593951
2593952
3593953
4593954
5593955
6593956
7593957
8593958
9593959
1693961
2693962
3693963
4693964
5693965
6693966
7693967
8693968
9693969
1793971
2793972
3793973
4793974
5793975
6793976
7793977
8793978
9793979
1893981
2893982
3893983
4893984
5893985
6893986
7893987
8893988
9893989
1993991
2993992
3993993
4993994
5993995
6993996
7993997
8993998
9993999
1004001
2004002
3004003
4004004
5004005
6004006
7004007
8004008
9004009
1104011
2104012
3104013
4104014
5104015
6104016
7104017
8104018
9104019
1204021
2204022
3204023
4204024
5204025
6204026
7204027
8204028
9204029
1304031
2304032
3304033
4304034
5304035
6304036
7304037
8304038
9304039
1404041
2404042
3404043
4404044
5404045
6404046
7404047
8404048
9404049
1504051
2504052
3504053
4504054
5504055
6504056
7504057
8504058
9504059
1604061
2604062
3604063
4604064
5604065
6604066
7604067
8604068
9604069
1704071
2704072
3704073
4704074
5704075
6704076
7704077
8704078
9704079
1804081
2804082
3804083
4804084
5804085
6804086
7804087
8804088
9804089
1904091
2904092
3904093
4904094
5904095
6904096
7904097
8904098
9904099
1014101
2014102
3014103
4014104
5014105
6014106
7014107
8014108
9014109
1114111
2114112
3114113
4114114
5114115
6114116
7114117
8114118
9114119
1214121
2214122
3214123
4214124
5214125
6214126
7214127
8214128
9214129
1314131
2314132
3314133
4314134
5314135
6314136
7314137
8314138
9314139
1414141
2414142
3414143
4414144
5414145
6414146
7414147
8414148
9414149
1514151
2514152
3514153
4514154
5514155
6514156
7514157
8514158
9514159
1614161
2614162
3614163
4614164
5614165
6614166
7614167
8614168
9614169
1714171
2714172
3714173
4714174
5714175
6714176
7714177
8714178
9714179
1814181
2814182
3814183
4814184
5814185
6814186
7814187
8814188
9814189
1914191
2914192
3914193
4914194
5914195
6914196
7914197
8914198
9914199
1024201
2024202
3024203
4024204
5024205
6024206
7024207
8024208
9024209
1124211
2124212
3124213
4124214
5124215
6124216
7124217
8124218
9124219
1224221
2224222
3224223
4224224
5224225
6224226
7224227
8224228
9224229
1324231
2324232
3324233
4324234
5324235
6324236
7324237
8324238
9324239
1424241
2424242
3424243
4424244
5424245
6424246
7424247
8424248
9424249
1524251
2524252
3524253
4524254
5524255
6524256
7524257
8524258
9524259
1624261
2624262
3624263
4624264
5624265
6624266
7624267
8624268
9624269
1724271
2724272
3724273
4724274
5724275
6724276
7724277
8724278
9724279
1824281
2824282
3824283
4824284
5824285
6824286
7824287
8824288
9824289
1924291
2924292
3924293
4924294
5924295
6924296
7924297
8924298
9924299
1034301
2034302
3034303
4034304
5034305
6034306
7034307
8034308
9034309
1134311
2134312
3134313
4134314
5134315
6134316
7134317
8134318
9134319
1234321
2234322
3234323
4234324
5234325
6234326
7234327
8234328
9234329
1334331
2334332
3334333
4334334
5334335
6334336
7334337
8334338
9334339
1434341
2434342
3434343
4434344
5434345
6434346
7434347
8434348
9434349
1534351
2534352
3534353
4534354
5534355
6534356
7534357
8534358
9534359
1634361
2634362
3634363
4634364
5634365
6634366
7634367
8634368
9634369
1734371
2734372
3734373
4734374
5734375
6734376
7734377
8734378
9734379
1834381
2834382
3834383
4834384
5834385
6834386
7834387
8834388
9834389
1934391
2934392
3934393
4934394
5934395
6934396
7934397
8934398
9934399
1044401
2044402
3044403
4044404
5044405
6044406
7044407
8044408
9044409
1144411
2144412
3144413
4144414
5144415
6144416
7144417
8144418
9144419
1244421
2244422
3244423
4244424
5244425
6244426
7244427
8244428
9244429
1344431
2344432
3344433
4344434
5344435
6344436
7344437
8344438
9344439
1444441
2444442
3444443
4444444
5444445
6444446
7444447
8444448
9444449
1544451
2544452
3544453
4544454
5544455
6544456
7544457
8544458
9544459
1644461
2644462
3644463
4644464
5644465
6644466
7644467
8644468
9644469
1744471
2744472
3744473
4744474
5744475
6744476
7744477
8744478
9744479
1844481
2844482
3844483
4844484
5844485
6844486
7844487
8844488
9844489
1944491
2944492
3944493
4944494
5944495
6944496
7944497
8944498
9944499
1054501
2054502
3054503
4054504
5054505
6054506
7054507
8054508
9054509
1154511
2154512
3154513
4154514
5154515
6154516
7154517
8154518
9154519
1254521
2254522
3254523
4254524
5254525
6254526
7254527
8254528
9254529
1354531
2354532
3354533
4354534
5354535
6354536
7354537
8354538
9354539
1454541
2454542
3454543
4454544
5454545
6454546
7454547
8454548
9454549
1554551
2554552
3554553
4554554
5554555
6554556
7554557
8554558
9554559
1654561
2654562
3654563
4654564
5654565
6654566
7654567
8654568
9654569
1754571
2754572
3754573
4754574
5754575
6754576
7754577
8754578
9754579
1854581
2854582
3854583
4854584
5854585
6854586
7854587
8854588
9854589
1954591
2954592
3954593
4954594
5954595
6954596
7954597
8954598
9954599
1064601
2064602
3064603
4064604
5064605
6064606
7064607
8064608
9064609
1164611
2164612
3164613
4164614
5164615
6164616
7164617
8164618
9164619
1264621
2264622
3264623
4264624
5264625
6264626
7264627
8264628
9264629
1364631
2364632
3364633
4364634
5364635
6364636
7364637
8364638
9364639
1464641
2464642
3464643
4464644
5464645
6464646
7464647
8464648
9464649
1564651
2564652
3564653
4564654
5564655
6564656
7564657
8564658
9564659
1664661
2664662
3664663
4664664
5664665
6664666
7664667
8664668
9664669
1764671
2764672
3764673
4764674
5764675
6764676
7764677
8764678
9764679
1864681
2864682
3864683
4864684
5864685
6864686
7864687
8864688
9864689
1964691
2964692
3964693
4964694
5964695
6964696
7964697
8964698
9964699
1074701
2074702
3074703
4074704
5074705
6074706
7074707
8074708
9074709
1174711
2174712
3174713
4174714
5174715
6174716
7174717
8174718
9174719
1274721
2274722
3274723
4274724
5274725
6274726
7274727
8274728
9274729
1374731
2374732
3374733
4374734
5374735
6374736
7374737
8374738
9374739
1474741
2474742
3474743
4474744
5474745
6474746
7474747
8474748
9474749
1574751
2574752
3574753
4574754
5574755
6574756
7574757
8574758
9574759
1674761
2674762
3674763
4674764
5674765
6674766
7674767
8674768
9674769
1774771
2774772
3774773
4774774
5774775
6774776
7774777
8774778
9774779
1874781
2874782
3874783
4874784
5874785
6874786
7874787
8874788
9874789
1974791
2974792
3974793
4974794
5974795
6974796
7974797
8974798
9974799
1084801
2084802
3084803
4084804
5084805
6084806
7084807
8084808
9084809
1184811
2184812
3184813
4184814
5184815
6184816
7184817
8184818
9184819
1284821
2284822
3284823
4284824
5284825
6284826
7284827
8284828
9284829
1384831
2384832
3384833
4384834
5384835
6384836
7384837
8384838
9384839
1484841
2484842
3484843
4484844
5484845
6484846
7484847
8484848
9484849
1584851
2584852
3584853
4584854
5584855
6584856
7584857
8584858
9584859
1684861
2684862
3684863
4684864
5684865
6684866
7684867
8684868
9684869
1784871
2784872
3784873
4784874
5784875
6784876
7784877
8784878
9784879
1884881
2884882
3884883
4884884
5884885
6884886
7884887
8884888
9884889
1984891
2984892
3984893
4984894
5984895
6984896
7984897
8984898
9984899
1094901
2094902
3094903
4094904
5094905
6094906
7094907
8094908
9094909
1194911
2194912
3194913
4194914
5194915
6194916
7194917
8194918
9194919
1294921
2294922
3294923
4294924
5294925
6294926
7294927
8294928
9294929
1394931
2394932
3394933
4394934
5394935
6394936
7394937
8394938
9394939
1494941
2494942
3494943
4494944
5494945
6494946
7494947
8494948
9494949
1594951
2594952
3594953
4594954
5594955
6594956
7594957
8594958
9594959
1694961
2694962
3694963
4694964
5694965
6694966
7694967
8694968
9694969
1794971
2794972
3794973
4794974
5794975
6794976
7794977
8794978
9794979
1894981
2894982
3894983
4894984
5894985
6894986
7894987
8894988
9894989
1994991
2994992
3994993
4994994
5994995
6994996
7994997
8994998
9994999
1005001
2005002
3005003
4005004
5005005
6005006
7005007
8005008
9005009
1105011
2105012
3105013
4105014
5105015
6105016
7105017
8105018
9105019
1205021
2205022
3205023
4205024
5205025
6205026
7205027
8205028
9205029
1305031
2305032
3305033
4305034
5305035
6305036
7305037
8305038
9305039
1405041
2405042
3405043
4405044
5405045
6405046
7405047
8405048
9405049
1505051
2505052
3505053
4505054
5505055
6505056
7505057
8505058
9505059
1605061
2605062
3605063
4605064
5605065
6605066
7605067
8605068
9605069
1705071
2705072
3705073
4705074
5705075
6705076
7705077
8705078
9705079
1805081
2805082
3805083
4805084
5805085
6805086
7805087
8805088
9805089
1905091
2905092
3905093
4905094
5905095
6905096
7905097
8905098
9905099
1015101
2015102
3015103
4015104
5015105
6015106
7015107
8015108
9015109
1115111
2115112
3115113
4115114
5115115
6115116
7115117
8115118
9115119
1215121
2215122
3215123
4215124
5215125
6215126
7215127
8215128
9215129
1315131
2315132
3315133
4315134
5315135
6315136
7315137
8315138
9315139
1415141
2415142
3415143
4415144
5415145
6415146
7415147
8415148
9415149
1515151
2515152
3515153
4515154
5515155
6515156
7515157
8515158
9515159
1615161
2615162
3615163
4615164
5615165
6615166
7615167
8615168
9615169
1715171
2715172
3715173
4715174
5715175
6715176
7715177
8715178
9715179
1815181
2815182
3815183
4815184
5815185
6815186
7815187
8815188
9815189
1915191
2915192
3915193
4915194
5915195
6915196
7915197
8915198
9915199
1025201
2025202
3025203
4025204
5025205
6025206
7025207
8025208
9025209
1125211
2125212
3125213
4125214
5125215
6125216
7125217
8125218
9125219
1225221
2225222
3225223
4225224
5225225
6225226
7225227
8225228
9225229
1325231
2325232
3325233
4325234
5325235
6325236
7325237
8325238
9325239
1425241
2425242
3425243
4425244
5425245
6425246
7425247
8425248
9425249
1525251
2525252
3525253
4525254
5525255
6525256
7525257
8525258
9525259
1625261
2625262
3625263
4625264
5625265
6625266
7625267
8625268
9625269
1725271
2725272
3725273
4725274
5725275
6725276
7725277
8725278
9725279
1825281
2825282
3825283
4825284
5825285
6825286
7825287
8825288
9825289
1925291
2925292
3925293
4925294
5925295
6925296
7925297
8925298
9925299
1035301
2035302
3035303
4035304
5035305
6035306
7035307
8035308
9035309
1135311
2135312
3135313
4135314
5135315
6135316
7135317
8135318
9135319
1235321
2235322
3235323
4235324
5235325
6235326
7235327
8235328
9235329
1335331
2335332
3335333
4335334
5335335
6335336
7335337
8335338
9335339
1435341
2435342
3435343
4435344
5435345
6435346
7435347
8435348
9435349
1535351
2535352
3535353
4535354
5535355
6535356
7535357
8535358
9535359
1635361
2635362
3635363
4635364
5635365
6635366
7635367
8635368
9635369
1735371
2735372
3735373
4735374
5735375
6735376
7735377
8735378
9735379
1835381
2835382
3835383
4835384
5835385
6835386
7835387
8835388
9835389
1935391
2935392
3935393
4935394
5935395
6935396
7935397
8935398
9935399
1045401
2045402
3045403
4045404
5045405
6045406
7045407
8045408
9045409
1145411
2145412
3145413
4145414
5145415
6145416
7145417
8145418
9145419
1245421
2245422
3245423
4245424
5245425
6245426
7245427
8245428
9245429
1345431
2345432
3345433
4345434
5345435
6345436
7345437
8345438
9345439
1445441
2445442
3445443
4445444
5445445
6445446
7445447
8445448
9445449
1545451
2545452
3545453
4545454
5545455
6545456
7545457
8545458
9545459
1645461
2645462
3645463
4645464
5645465
6645466
7645467
8645468
9645469
1745471
2745472
3745473
4745474
5745475
6745476
7745477
8745478
9745479
1845481
2845482
3845483
4845484
5845485
6845486
7845487
8845488
9845489
1945491
2945492
3945493
4945494
5945495
6945496
7945497
8945498
9945499
1055501
2055502
3055503
4055504
5055505
6055506
7055507
8055508
9055509
1155511
2155512
3155513
4155514
5155515
6155516
7155517
8155518
9155519
1255521
2255522
3255523
4255524
5255525
6255526
7255527
8255528
9255529
1355531
2355532
3355533
4355534
5355535
6355536
7355537
8355538
9355539
1455541
2455542
3455543
4455544
5455545
6455546
7455547
8455548
9455549
1555551
2555552
3555553
4555554
5555555
6555556
7555557
8555558
9555559
1655561
2655562
3655563
4655564
5655565
6655566
7655567
8655568
9655569
1755571
2755572
3755573
4755574
5755575
6755576
7755577
8755578
9755579
1855581
2855582
3855583
4855584
5855585
6855586
7855587
8855588
9855589
1955591
2955592
3955593
4955594
5955595
6955596
7955597
8955598
9955599
1065601
2065602
3065603
4065604
5065605
6065606
7065607
8065608
9065609
1165611
2165612
3165613
4165614
5165615
6165616
7165617
8165618
9165619
1265621
2265622
3265623
4265624
5265625
6265626
7265627
8265628
9265629
1365631
2365632
3365633
4365634
5365635
6365636
7365637
8365638
9365639
1465641
2465642
3465643
4465644
5465645
6465646
7465647
8465648
9465649
1565651
2565652
3565653
4565654
5565655
6565656
7565657
8565658
9565659
1665661
2665662
3665663
4665664
5665665
6665666
7665667
8665668
9665669
1765671
2765672
3765673
4765674
5765675
6765676
7765677
8765678
9765679
1865681
2865682
3865683
4865684
5865685
6865686
7865687
8865688
9865689
1965691
2965692
3965693
4965694
5965695
6965696
7965697
8965698
9965699
1075701
2075702
3075703
4075704
5075705
6075706
7075707
8075708
9075709
1175711
2175712
3175713
4175714
5175715
6175716
7175717
8175718
9175719
1275721
2275722
3275723
4275724
5275725
6275726
7275727
8275728
9275729
1375731
2375732
3375733
4375734
5375735
6375736
7375737
8375738
9375739
1475741
2475742
3475743
4475744
5475745
6475746
7475747
8475748
9475749
1575751
2575752
3575753
4575754
5575755
6575756
7575757
8575758
9575759
1675761
2675762
3675763
4675764
5675765
6675766
7675767
8675768
9675769
1775771
2775772
3775773
4775774
5775775
6775776
7775777
8775778
9775779
1875781
2875782
3875783
4875784
5875785
6875786
7875787
8875788
9875789
1975791
2975792
3975793
4975794
5975795
6975796
7975797
8975798
9975799
1085801
2085802
3085803
4085804
5085805
6085806
7085807
8085808
9085809
1185811
2185812
3185813
4185814
5185815
6185816
7185817
8185818
9185819
1285821
2285822
3285823
4285824
5285825
6285826
7285827
8285828
9285829
1385831
2385832
3385833
4385834
5385835
6385836
7385837
8385838
9385839
1485841
2485842
3485843
4485844
5485845
6485846
7485847
8485848
9485849
1585851
2585852
3585853
4585854
5585855
6585856
7585857
8585858
9585859
1685861
2685862
3685863
4685864
5685865
6685866
7685867
8685868
9685869
1785871
2785872
3785873
4785874
5785875
6785876
7785877
8785878
9785879
1885881
2885882
3885883
4885884
5885885
6885886
7885887
8885888
9885889
1985891
2985892
3985893
4985894
5985895
6985896
7985897
8985898
9985899
1095901
2095902
3095903
4095904
5095905
6095906
7095907
8095908
9095909
1195911
2195912
3195913
4195914
5195915
6195916
7195917
8195918
9195919
1295921
2295922
3295923
4295924
5295925
6295926
7295927
8295928
9295929
1395931
2395932
3395933
4395934
5395935
6395936
7395937
8395938
9395939
1495941
2495942
3495943
4495944
5495945
6495946
7495947
8495948
9495949
1595951
2595952
3595953
4595954
5595955
6595956
7595957
8595958
9595959
1695961
2695962
3695963
4695964
5695965
6695966
7695967
8695968
9695969
1795971
2795972
3795973
4795974
5795975
6795976
7795977
8795978
9795979
1895981
2895982
3895983
4895984
5895985
6895986
7895987
8895988
9895989
1995991
2995992
3995993
4995994
5995995
6995996
7995997
8995998
9995999
1006001
2006002
3006003
4006004
5006005
6006006
7006007
8006008
9006009
1106011
2106012
3106013
4106014
5106015
6106016
7106017
8106018
9106019
1206021
2206022
3206023
4206024
5206025
6206026
7206027
8206028
9206029
1306031
2306032
3306033
4306034
5306035
6306036
7306037
8306038
9306039
1406041
2406042
3406043
4406044
5406045
6406046
7406047
8406048
9406049
1506051
2506052
3506053
4506054
5506055
6506056
7506057
8506058
9506059
1606061
2606062
3606063
4606064
5606065
6606066
7606067
8606068
9606069
1706071
2706072
3706073
4706074
5706075
6706076
7706077
8706078
9706079
1806081
2806082
3806083
4806084
5806085
6806086
7806087
8806088
9806089
1906091
2906092
3906093
4906094
5906095
6906096
7906097
8906098
9906099
1016101
2016102
3016103
4016104
5016105
6016106
7016107
8016108
9016109
1116111
2116112
3116113
4116114
5116115
6116116
7116117
8116118
9116119
1216121
2216122
3216123
4216124
5216125
6216126
7216127
8216128
9216129
1316131
2316132
3316133
4316134
5316135
6316136
7316137
8316138
9316139
1416141
2416142
3416143
4416144
5416145
6416146
7416147
8416148
9416149
1516151
2516152
3516153
4516154
5516155
6516156
7516157
8516158
9516159
1616161
2616162
3616163
4616164
5616165
6616166
7616167
8616168
9616169
1716171
2716172
3716173
4716174
5716175
6716176
7716177
8716178
9716179
1816181
2816182
3816183
4816184
5816185
6816186
7816187
8816188
9816189
1916191
2916192
3916193
4916194
5916195
6916196
7916197
8916198
9916199
1026201
2026202
3026203
4026204
5026205
6026206
7026207
8026208
9026209
1126211
2126212
3126213
4126214
5126215
6126216
7126217
8126218
9126219
1226221
2226222
3226223
4226224
5226225
6226226
7226227
8226228
9226229
1326231
2326232
3326233
4326234
5326235
6326236
7326237
8326238
9326239
1426241
2426242
3426243
4426244
5426245
6426246
7426247
8426248
9426249
1526251
2526252
3526253
4526254
5526255
6526256
7526257
8526258
9526259
1626261
2626262
3626263
4626264
5626265
6626266
7626267
8626268
9626269
1726271
2726272
3726273
4726274
5726275
6726276
7726277
8726278
9726279
1826281
2826282
3826283
4826284
5826285
6826286
7826287
8826288
9826289
1926291
2926292
3926293
4926294
5926295
6926296
7926297
8926298
9926299
1036301
2036302
3036303
4036304
5036305
6036306
7036307
8036308
9036309
1136311
2136312
3136313
4136314
5136315
6136316
7136317
8136318
9136319
1236321
2236322
3236323
4236324
5236325
6236326
7236327
8236328
9236329
1336331
2336332
3336333
4336334
5336335
6336336
7336337
8336338
9336339
1436341
2436342
3436343
4436344
5436345
6436346
7436347
8436348
9436349
1536351
2536352
3536353
4536354
5536355
6536356
7536357
8536358
9536359
1636361
2636362
3636363
4636364
5636365
6636366
7636367
8636368
9636369
1736371
2736372
3736373
4736374
5736375
6736376
7736377
8736378
9736379
1836381
2836382
3836383
4836384
5836385
6836386
7836387
8836388
9836389
1936391
2936392
3936393
4936394
5936395
6936396
7936397
8936398
9936399
1046401
2046402
3046403
4046404
5046405
6046406
7046407
8046408
9046409
1146411
2146412
3146413
4146414
5146415
6146416
7146417
8146418
9146419
1246421
2246422
3246423
4246424
5246425
6246426
7246427
8246428
9246429
1346431
2346432
3346433
4346434
5346435
6346436
7346437
8346438
9346439
1446441
2446442
3446443
4446444
5446445
6446446
7446447
8446448
9446449
1546451
2546452
3546453
4546454
5546455
6546456
7546457
8546458
9546459
1646461
2646462
3646463
4646464
5646465
6646466
7646467
8646468
9646469
1746471
2746472
3746473
4746474
5746475
6746476
7746477
8746478
9746479
1846481
2846482
3846483
4846484
5846485
6846486
7846487
8846488
9846489
1946491
2946492
3946493
4946494
5946495
6946496
7946497
8946498
9946499
1056501
2056502
3056503
4056504
5056505
6056506
7056507
8056508
9056509
1156511
2156512
3156513
4156514
5156515
6156516
7156517
8156518
9156519
1256521
2256522
3256523
4256524
5256525
6256526
7256527
8256528
9256529
1356531
2356532
3356533
4356534
5356535
6356536
7356537
8356538
9356539
1456541
2456542
3456543
4456544
5456545
6456546
7456547
8456548
9456549
1556551
2556552
3556553
4556554
5556555
6556556
7556557
8556558
9556559
1656561
2656562
3656563
4656564
5656565
6656566
7656567
8656568
9656569
1756571
2756572
3756573
4756574
5756575
6756576
7756577
8756578
9756579
1856581
2856582
3856583
4856584
5856585
6856586
7856587
8856588
9856589
1956591
2956592
3956593
4956594
5956595
6956596
7956597
8956598
9956599
1066601
2066602
3066603
4066604
5066605
6066606
7066607
8066608
9066609
1166611
2166612
3166613
4166614
5166615
6166616
7166617
8166618
9166619
1266621
2266622
3266623
4266624
5266625
6266626
7266627
8266628
9266629
1366631
2366632
3366633
4366634
5366635
6366636
7366637
8366638
9366639
1466641
2466642
3466643
4466644
5466645
6466646
7466647
8466648
9466649
1566651
2566652
3566653
4566654
5566655
6566656
7566657
8566658
9566659
1666661
2666662
3666663
4666664
5666665
6666666
7666667
8666668
9666669
1766671
2766672
3766673
4766674
5766675
6766676
7766677
8766678
9766679
1866681
2866682
3866683
4866684
5866685
6866686
7866687
8866688
9866689
1966691
2966692
3966693
4966694
5966695
6966696
7966697
8966698
9966699
1076701
2076702
3076703
4076704
5076705
6076706
7076707
8076708
9076709
1176711
2176712
3176713
4176714
5176715
6176716
7176717
8176718
9176719
1276721
2276722
3276723
4276724
5276725
6276726
7276727
8276728
9276729
1376731
2376732
3376733
4376734
5376735
6376736
7376737
8376738
9376739
1476741
2476742
3476743
4476744
5476745
6476746
7476747
8476748
9476749
1576751
2576752
3576753
4576754
5576755
6576756
7576757
8576758
9576759
1676761
2676762
3676763
4676764
5676765
6676766
7676767
8676768
9676769
1776771
2776772
3776773
4776774
5776775
6776776
7776777
8776778
9776779
1876781
2876782
3876783
4876784
5876785
6876786
7876787
8876788
9876789
1976791
2976792
3976793
4976794
5976795
6976796
7976797
8976798
9976799
1086801
2086802
3086803
4086804
5086805
6086806
7086807
8086808
9086809
1186811
2186812
3186813
4186814
5186815
6186816
7186817
8186818
9186819
1286821
2286822
3286823
4286824
5286825
6286826
7286827
8286828
9286829
1386831
2386832
3386833
4386834
5386835
6386836
7386837
8386838
9386839
1486841
2486842
3486843
4486844
5486845
6486846
7486847
8486848
9486849
1586851
2586852
3586853
4586854
5586855
6586856
7586857
8586858
9586859
1686861
2686862
3686863
4686864
5686865
6686866
7686867
8686868
9686869
1786871
2786872
3786873
4786874
5786875
6786876
7786877
8786878
9786879
1886881
2886882
3886883
4886884
5886885
6886886
7886887
8886888
9886889
1986891
2986892
3986893
4986894
5986895
6986896
7986897
8986898
9986899
1096901
2096902
3096903
4096904
5096905
6096906
7096907
8096908
9096909
1196911
2196912
3196913
4196914
5196915
6196916
7196917
8196918
9196919
1296921
2296922
3296923
4296924
5296925
6296926
7296927
8296928
9296929
1396931
2396932
3396933
4396934
5396935
6396936
7396937
8396938
9396939
1496941
2496942
3496943
4496944
5496945
6496946
7496947
8496948
9496949
1596951
2596952
3596953
4596954
5596955
6596956
7596957
8596958
9596959
1696961
2696962
3696963
4696964
5696965
6696966
7696967
8696968
9696969
1796971
2796972
3796973
4796974
5796975
6796976
7796977
8796978
9796979
1896981
2896982
3896983
4896984
5896985
6896986
7896987
8896988
9896989
1996991
2996992
3996993
4996994
5996995
6996996
7996997
8996998
9996999
1007001
2007002
3007003
4007004
5007005
6007006
7007007
8007008
9007009
1107011
2107012
3107013
4107014
5107015
6107016
7107017
8107018
9107019
1207021
2207022
3207023
4207024
5207025
6207026
7207027
8207028
9207029
1307031
2307032
3307033
4307034
5307035
6307036
7307037
8307038
9307039
1407041
2407042
3407043
4407044
5407045
6407046
7407047
8407048
9407049
1507051
2507052
3507053
4507054
5507055
6507056
7507057
8507058
9507059
1607061
2607062
3607063
4607064
5607065
6607066
7607067
8607068
9607069
1707071
2707072
3707073
4707074
5707075
6707076
7707077
8707078
9707079
1807081
2807082
3807083
4807084
5807085
6807086
7807087
8807088
9807089
1907091
2907092
3907093
4907094
5907095
6907096
7907097
8907098
9907099
1017101
2017102
3017103
4017104
5017105
6017106
7017107
8017108
9017109
1117111
2117112
3117113
4117114
5117115
6117116
7117117
8117118
9117119
1217121
2217122
3217123
4217124
5217125
6217126
7217127
8217128
9217129
1317131
2317132
3317133
4317134
5317135
6317136
7317137
8317138
9317139
1417141
2417142
3417143
4417144
5417145
6417146
7417147
8417148
9417149
1517151
2517152
3517153
4517154
5517155
6517156
7517157
8517158
9517159
1617161
2617162
3617163
4617164
5617165
6617166
7617167
8617168
9617169
1717171
2717172
3717173
4717174
5717175
6717176
7717177
8717178
9717179
1817181
2817182
3817183
4817184
5817185
6817186
7817187
8817188
9817189
1917191
2917192
3917193
4917194
5917195
6917196
7917197
8917198
9917199
1027201
2027202
3027203
4027204
5027205
6027206
7027207
8027208
9027209
1127211
2127212
3127213
4127214
5127215
6127216
7127217
8127218
9127219
1227221
2227222
3227223
4227224
5227225
6227226
7227227
8227228
9227229
1327231
2327232
3327233
4327234
5327235
6327236
7327237
8327238
9327239
1427241
2427242
3427243
4427244
5427245
6427246
7427247
8427248
9427249
1527251
2527252
3527253
4527254
5527255
6527256
7527257
8527258
9527259
1627261
2627262
3627263
4627264
5627265
6627266
7627267
8627268
9627269
1727271
2727272
3727273
4727274
5727275
6727276
7727277
8727278
9727279
1827281
2827282
3827283
4827284
5827285
6827286
7827287
8827288
9827289
1927291
2927292
3927293
4927294
5927295
6927296
7927297
8927298
9927299
1037301
2037302
3037303
4037304
5037305
6037306
7037307
8037308
9037309
1137311
2137312
3137313
4137314
5137315
6137316
7137317
8137318
9137319
1237321
2237322
3237323
4237324
5237325
6237326
7237327
8237328
9237329
1337331
2337332
3337333
4337334
5337335
6337336
7337337
8337338
9337339
1437341
2437342
3437343
4437344
5437345
6437346
7437347
8437348
9437349
1537351
2537352
3537353
4537354
5537355
6537356
7537357
8537358
9537359
1637361
2637362
3637363
4637364
5637365
6637366
7637367
8637368
9637369
1737371
2737372
3737373
4737374
5737375
6737376
7737377
8737378
9737379
1837381
2837382
3837383
4837384
5837385
6837386
7837387
8837388
9837389
1937391
2937392
3937393
4937394
5937395
6937396
7937397
8937398
9937399
1047401
2047402
3047403
4047404
5047405
6047406
7047407
8047408
9047409
1147411
2147412
3147413
4147414
5147415
6147416
7147417
8147418
9147419
1247421
2247422
3247423
4247424
5247425
6247426
7247427
8247428
9247429
1347431
2347432
3347433
4347434
5347435
6347436
7347437
8347438
9347439
1447441
2447442
3447443
4447444
5447445
6447446
7447447
8447448
9447449
1547451
2547452
3547453
4547454
5547455
6547456
7547457
8547458
9547459
1647461
2647462
3647463
4647464
5647465
6647466
7647467
8647468
9647469
1747471
2747472
3747473
4747474
5747475
6747476
7747477
8747478
9747479
1847481
2847482
3847483
4847484
5847485
6847486
7847487
8847488
9847489
1947491
2947492
3947493
4947494
5947495
6947496
7947497
8947498
9947499
1057501
2057502
3057503
4057504
5057505
6057506
7057507
8057508
9057509
1157511
2157512
3157513
4157514
5157515
6157516
7157517
8157518
9157519
1257521
2257522
3257523
4257524
5257525
6257526
7257527
8257528
9257529
1357531
2357532
3357533
4357534
5357535
6357536
7357537
8357538
9357539
1457541
2457542
3457543
4457544
5457545
6457546
7457547
8457548
9457549
1557551
2557552
3557553
4557554
5557555
6557556
7557557
8557558
9557559
1657561
2657562
3657563
4657564
5657565
6657566
7657567
8657568
9657569
1757571
2757572
3757573
4757574
5757575
6757576
7757577
8757578
9757579
1857581
2857582
3857583
4857584
5857585
6857586
7857587
8857588
9857589
1957591
2957592
3957593
4957594
5957595
6957596
7957597
8957598
9957599
1067601
2067602
3067603
4067604
5067605
6067606
7067607
8067608
9067609
1167611
2167612
3167613
4167614
5167615
6167616
7167617
8167618
9167619
1267621
2267622
3267623
4267624
5267625
6267626
7267627
8267628
9267629
1367631
2367632
3367633
4367634
5367635
6367636
7367637
8367638
9367639
1467641
2467642
3467643
4467644
5467645
6467646
7467647
8467648
9467649
1567651
2567652
3567653
4567654
5567655
6567656
7567657
8567658
9567659
1667661
2667662
3667663
4667664
5667665
6667666
7667667
8667668
9667669
1767671
2767672
3767673
4767674
5767675
6767676
7767677
8767678
9767679
1867681
2867682
3867683
4867684
5867685
6867686
7867687
8867688
9867689
1967691
2967692
3967693
4967694
5967695
6967696
7967697
8967698
9967699
1077701
2077702
3077703
4077704
5077705
6077706
7077707
8077708
9077709
1177711
2177712
3177713
4177714
5177715
6177716
7177717
8177718
9177719
1277721
2277722
3277723
4277724
5277725
6277726
7277727
8277728
9277729
1377731
2377732
3377733
4377734
5377735
6377736
7377737
8377738
9377739
1477741
2477742
3477743
4477744
5477745
6477746
7477747
8477748
9477749
1577751
2577752
3577753
4577754
5577755
6577756
7577757
8577758
9577759
1677761
2677762
3677763
4677764
5677765
6677766
7677767
8677768
9677769
1777771
2777772
3777773
4777774
5777775
6777776
7777777
8777778
9777779
1877781
2877782
3877783
4877784
5877785
6877786
7877787
8877788
9877789
1977791
2977792
3977793
4977794
5977795
6977796
7977797
8977798
9977799
1087801
2087802
3087803
4087804
5087805
6087806
7087807
8087808
9087809
1187811
2187812
3187813
4187814
5187815
6187816
7187817
8187818
9187819
1287821
2287822
3287823
4287824
5287825
6287826
7287827
8287828
9287829
1387831
2387832
3387833
4387834
5387835
6387836
7387837
8387838
9387839
1487841
2487842
3487843
4487844
5487845
6487846
7487847
8487848
9487849
1587851
2587852
3587853
4587854
5587855
6587856
7587857
8587858
9587859
1687861
2687862
3687863
4687864
5687865
6687866
7687867
8687868
9687869
1787871
2787872
3787873
4787874
5787875
6787876
7787877
8787878
9787879
1887881
2887882
3887883
4887884
5887885
6887886
7887887
8887888
9887889
1987891
2987892
3987893
4987894
5987895
6987896
7987897
8987898
9987899
1097901
2097902
3097903
4097904
5097905
6097906
7097907
8097908
9097909
1197911
2197912
3197913
4197914
5197915
6197916
7197917
8197918
9197919
1297921
2297922
3297923
4297924
5297925
6297926
7297927
8297928
9297929
1397931
2397932
3397933
4397934
5397935
6397936
7397937
8397938
9397939
1497941
2497942
3497943
4497944
5497945
6497946
7497947
8497948
9497949
1597951
2597952
3597953
4597954
5597955
6597956
7597957
8597958
9597959
1697961
2697962
3697963
4697964
5697965
6697966
7697967
8697968
9697969
1797971
2797972
3797973
4797974
5797975
6797976
7797977
8797978
9797979
1897981
2897982
3897983
4897984
5897985
6897986
7897987
8897988
9897989
1997991
2997992
3997993
4997994
5997995
6997996
7997997
8997998
9997999
1008001
2008002
3008003
4008004
5008005
6008006
7008007
8008008
9008009
1108011
2108012
3108013
4108014
5108015
6108016
7108017
8108018
9108019
1208021
2208022
3208023
4208024
5208025
6208026
7208027
8208028
9208029
1308031
2308032
3308033
4308034
5308035
6308036
7308037
8308038
9308039
1408041
2408042
3408043
4408044
5408045
6408046
7408047
8408048
9408049
1508051
2508052
3508053
4508054
5508055
6508056
7508057
8508058
9508059
1608061
2608062
3608063
4608064
5608065
6608066
7608067
8608068
9608069
1708071
2708072
3708073
4708074
5708075
6708076
7708077
8708078
9708079
1808081
2808082
3808083
4808084
5808085
6808086
7808087
8808088
9808089
1908091
2908092
3908093
4908094
5908095
6908096
7908097
8908098
9908099
1018101
2018102
3018103
4018104
5018105
6018106
7018107
8018108
9018109
1118111
2118112
3118113
4118114
5118115
6118116
7118117
8118118
9118119
1218121
2218122
3218123
4218124
5218125
6218126
7218127
8218128
9218129
1318131
2318132
3318133
4318134
5318135
6318136
7318137
8318138
9318139
1418141
2418142
3418143
4418144
5418145
6418146
7418147
8418148
9418149
1518151
2518152
3518153
4518154
5518155
6518156
7518157
8518158
9518159
1618161
2618162
3618163
4618164
5618165
6618166
7618167
8618168
9618169
1718171
2718172
3718173
4718174
5718175
6718176
7718177
8718178
9718179
1818181
2818182
3818183
4818184
5818185
6818186
7818187
8818188
9818189
1918191
2918192
3918193
4918194
5918195
6918196
7918197
8918198
9918199
1028201
2028202
3028203
4028204
5028205
6028206
7028207
8028208
9028209
1128211
2128212
3128213
4128214
5128215
6128216
7128217
8128218
9128219
1228221
2228222
3228223
4228224
5228225
6228226
7228227
8228228
9228229
1328231
2328232
3328233
4328234
5328235
6328236
7328237
8328238
9328239
1428241
2428242
3428243
4428244
5428245
6428246
7428247
8428248
9428249
1528251
2528252
3528253
4528254
5528255
6528256
7528257
8528258
9528259
1628261
2628262
3628263
4628264
5628265
6628266
7628267
8628268
9628269
1728271
2728272
3728273
4728274
5728275
6728276
7728277
8728278
9728279
1828281
2828282
3828283
4828284
5828285
6828286
7828287
8828288
9828289
1928291
2928292
3928293
4928294
5928295
6928296
7928297
8928298
9928299
1038301
2038302
3038303
4038304
5038305
6038306
7038307
8038308
9038309
1138311
2138312
3138313
4138314
5138315
6138316
7138317
8138318
9138319
1238321
2238322
3238323
4238324
5238325
6238326
7238327
8238328
9238329
1338331
2338332
3338333
4338334
5338335
6338336
7338337
8338338
9338339
1438341
2438342
3438343
4438344
5438345
6438346
7438347
8438348
9438349
1538351
2538352
3538353
4538354
5538355
6538356
7538357
8538358
9538359
1638361
2638362
3638363
4638364
5638365
6638366
7638367
8638368
9638369
1738371
2738372
3738373
4738374
5738375
6738376
7738377
8738378
9738379
1838381
2838382
3838383
4838384
5838385
6838386
7838387
8838388
9838389
1938391
2938392
3938393
4938394
5938395
6938396
7938397
8938398
9938399
1048401
2048402
3048403
4048404
5048405
6048406
7048407
8048408
9048409
1148411
2148412
3148413
4148414
5148415
6148416
7148417
8148418
9148419
1248421
2248422
3248423
4248424
5248425
6248426
7248427
8248428
9248429
1348431
2348432
3348433
4348434
5348435
6348436
7348437
8348438
9348439
1448441
2448442
3448443
4448444
5448445
6448446
7448447
8448448
9448449
1548451
2548452
3548453
4548454
5548455
6548456
7548457
8548458
9548459
1648461
2648462
3648463
4648464
5648465
6648466
7648467
8648468
9648469
1748471
2748472
3748473
4748474
5748475
6748476
7748477
8748478
9748479
1848481
2848482
3848483
4848484
5848485
6848486
7848487
8848488
9848489
1948491
2948492
3948493
4948494
5948495
6948496
7948497
8948498
9948499
1058501
2058502
3058503
4058504
5058505
6058506
7058507
8058508
9058509
1158511
2158512
3158513
4158514
5158515
6158516
7158517
8158518
9158519
1258521
2258522
3258523
4258524
5258525
6258526
7258527
8258528
9258529
1358531
2358532
3358533
4358534
5358535
6358536
7358537
8358538
9358539
1458541
2458542
3458543
4458544
5458545
6458546
7458547
8458548
9458549
1558551
2558552
3558553
4558554
5558555
6558556
7558557
8558558
9558559
1658561
2658562
3658563
4658564
5658565
6658566
7658567
8658568
9658569
1758571
2758572
3758573
4758574
5758575
6758576
7758577
8758578
9758579
1858581
2858582
3858583
4858584
5858585
6858586
7858587
8858588
9858589
1958591
2958592
3958593
4958594
5958595
6958596
7958597
8958598
9958599
1068601
2068602
3068603
4068604
5068605
6068606
7068607
8068608
9068609
1168611
2168612
3168613
4168614
5168615
6168616
7168617
8168618
9168619
1268621
2268622
3268623
4268624
5268625
6268626
7268627
8268628
9268629
1368631
2368632
3368633
4368634
5368635
6368636
7368637
8368638
9368639
1468641
2468642
3468643
4468644
5468645
6468646
7468647
8468648
9468649
1568651
2568652
3568653
4568654
5568655
6568656
7568657
8568658
9568659
1668661
2668662
3668663
4668664
5668665
6668666
7668667
8668668
9668669
1768671
2768672
3768673
4768674
5768675
6768676
7768677
8768678
9768679
1868681
2868682
3868683
4868684
5868685
6868686
7868687
8868688
9868689
1968691
2968692
3968693
4968694
5968695
6968696
7968697
8968698
9968699
1078701
2078702
3078703
4078704
5078705
6078706
7078707
8078708
9078709
1178711
2178712
3178713
4178714
5178715
6178716
7178717
8178718
9178719
1278721
2278722
3278723
4278724
5278725
6278726
7278727
8278728
9278729
1378731
2378732
3378733
4378734
5378735
6378736
7378737
8378738
9378739
1478741
2478742
3478743
4478744
5478745
6478746
7478747
8478748
9478749
1578751
2578752
3578753
4578754
5578755
6578756
7578757
8578758
9578759
1678761
2678762
3678763
4678764
5678765
6678766
7678767
8678768
9678769
1778771
2778772
3778773
4778774
5778775
6778776
7778777
8778778
9778779
1878781
2878782
3878783
4878784
5878785
6878786
7878787
8878788
9878789
1978791
2978792
3978793
4978794
5978795
6978796
7978797
8978798
9978799
1088801
2088802
3088803
4088804
5088805
6088806
7088807
8088808
9088809
1188811
2188812
3188813
4188814
5188815
6188816
7188817
8188818
9188819
1288821
2288822
3288823
4288824
5288825
6288826
7288827
8288828
9288829
1388831
2388832
3388833
4388834
5388835
6388836
7388837
8388838
9388839
1488841
2488842
3488843
4488844
5488845
6488846
7488847
8488848
9488849
1588851
2588852
3588853
4588854
5588855
6588856
7588857
8588858
9588859
1688861
2688862
3688863
4688864
5688865
6688866
7688867
8688868
9688869
1788871
2788872
3788873
4788874
5788875
6788876
7788877
8788878
9788879
1888881
2888882
3888883
4888884
5888885
6888886
7888887
8888888
9888889
1988891
2988892
3988893
4988894
5988895
6988896
7988897
8988898
9988899
1098901
2098902
3098903
4098904
5098905
6098906
7098907
8098908
9098909
1198911
2198912
3198913
4198914
5198915
6198916
7198917
8198918
9198919
1298921
2298922
3298923
4298924
5298925
6298926
7298927
8298928
9298929
1398931
2398932
3398933
4398934
5398935
6398936
7398937
8398938
9398939
1498941
2498942
3498943
4498944
5498945
6498946
7498947
8498948
9498949
1598951
2598952
3598953
4598954
5598955
6598956
7598957
8598958
9598959
1698961
2698962
3698963
4698964
5698965
6698966
7698967
8698968
9698969
1798971
2798972
3798973
4798974
5798975
6798976
7798977
8798978
9798979
1898981
2898982
3898983
4898984
5898985
6898986
7898987
8898988
9898989
1998991
2998992
3998993
4998994
5998995
6998996
7998997
8998998
9998999
1009001
2009002
3009003
4009004
5009005
6009006
7009007
8009008
9009009
1109011
2109012
3109013
4109014
5109015
6109016
7109017
8109018
9109019
1209021
2209022
3209023
4209024
5209025
6209026
7209027
8209028
9209029
1309031
2309032
3309033
4309034
5309035
6309036
7309037
8309038
9309039
1409041
2409042
3409043
4409044
5409045
6409046
7409047
8409048
9409049
1509051
2509052
3509053
4509054
5509055
6509056
7509057
8509058
9509059
1609061
2609062
3609063
4609064
5609065
6609066
7609067
8609068
9609069
1709071
2709072
3709073
4709074
5709075
6709076
7709077
8709078
9709079
1809081
2809082
3809083
4809084
5809085
6809086
7809087
8809088
9809089
1909091
2909092
3909093
4909094
5909095
6909096
7909097
8909098
9909099
1019101
2019102
3019103
4019104
5019105
6019106
7019107
8019108
9019109
1119111
2119112
3119113
4119114
5119115
6119116
7119117
8119118
9119119
1219121
2219122
3219123
4219124
5219125
6219126
7219127
8219128
9219129
1319131
2319132
3319133
4319134
5319135
6319136
7319137
8319138
9319139
1419141
2419142
3419143
4419144
5419145
6419146
7419147
8419148
9419149
1519151
2519152
3519153
4519154
5519155
6519156
7519157
8519158
9519159
1619161
2619162
3619163
4619164
5619165
6619166
7619167
8619168
9619169
1719171
2719172
3719173
4719174
5719175
6719176
7719177
8719178
9719179
1819181
2819182
3819183
4819184
5819185
6819186
7819187
8819188
9819189
1919191
2919192
3919193
4919194
5919195
6919196
7919197
8919198
9919199
1029201
2029202
3029203
4029204
5029205
6029206
7029207
8029208
9029209
1129211
2129212
3129213
4129214
5129215
6129216
7129217
8129218
9129219
1229221
2229222
3229223
4229224
5229225
6229226
7229227
8229228
9229229
1329231
2329232
3329233
4329234
5329235
6329236
7329237
8329238
9329239
1429241
2429242
3429243
4429244
5429245
6429246
7429247
8429248
9429249
1529251
2529252
3529253
4529254
5529255
6529256
7529257
8529258
9529259
1629261
2629262
3629263
4629264
5629265
6629266
7629267
8629268
9629269
1729271
2729272
3729273
4729274
5729275
6729276
7729277
8729278
9729279
1829281
2829282
3829283
4829284
5829285
6829286
7829287
8829288
9829289
1929291
2929292
3929293
4929294
5929295
6929296
7929297
8929298
9929299
1039301
2039302
3039303
4039304
5039305
6039306
7039307
8039308
9039309
1139311
2139312
3139313
4139314
5139315
6139316
7139317
8139318
9139319
1239321
2239322
3239323
4239324
5239325
6239326
7239327
8239328
9239329
1339331
2339332
3339333
4339334
5339335
6339336
7339337
8339338
9339339
1439341
2439342
3439343
4439344
5439345
6439346
7439347
8439348
9439349
1539351
2539352
3539353
4539354
5539355
6539356
7539357
8539358
9539359
1639361
2639362
3639363
4639364
5639365
6639366
7639367
8639368
9639369
1739371
2739372
3739373
4739374
5739375
6739376
7739377
8739378
9739379
1839381
2839382
3839383
4839384
5839385
6839386
7839387
8839388
9839389
1939391
2939392
3939393
4939394
5939395
6939396
7939397
8939398
9939399
1049401
2049402
3049403
4049404
5049405
6049406
7049407
8049408
9049409
1149411
2149412
3149413
4149414
5149415
6149416
7149417
8149418
9149419
1249421
2249422
3249423
4249424
5249425
6249426
7249427
8249428
9249429
1349431
2349432
3349433
4349434
5349435
6349436
7349437
8349438
9349439
1449441
2449442
3449443
4449444
5449445
6449446
7449447
8449448
9449449
1549451
2549452
3549453
4549454
5549455
6549456
7549457
8549458
9549459
1649461
2649462
3649463
4649464
5649465
6649466
7649467
8649468
9649469
1749471
2749472
3749473
4749474
5749475
6749476
7749477
8749478
9749479
1849481
2849482
3849483
4849484
5849485
6849486
7849487
8849488
9849489
1949491
2949492
3949493
4949494
5949495
6949496
7949497
8949498
9949499
1059501
2059502
3059503
4059504
5059505
6059506
7059507
8059508
9059509
1159511
2159512
3159513
4159514
5159515
6159516
7159517
8159518
9159519
1259521
2259522
3259523
4259524
5259525
6259526
7259527
8259528
9259529
1359531
2359532
3359533
4359534
5359535
6359536
7359537
8359538
9359539
1459541
2459542
3459543
4459544
5459545
6459546
7459547
8459548
9459549
1559551
2559552
3559553
4559554
5559555
6559556
7559557
8559558
9559559
1659561
2659562
3659563
4659564
5659565
6659566
7659567
8659568
9659569
1759571
2759572
3759573
4759574
5759575
6759576
7759577
8759578
9759579
1859581
2859582
3859583
4859584
5859585
6859586
7859587
8859588
9859589
1959591
2959592
3959593
4959594
5959595
6959596
7959597
8959598
9959599
1069601
2069602
3069603
4069604
5069605
6069606
7069607
8069608
9069609
1169611
2169612
3169613
4169614
5169615
6169616
7169617
8169618
9169619
1269621
2269622
3269623
4269624
5269625
6269626
7269627
8269628
9269629
1369631
2369632
3369633
4369634
5369635
6369636
7369637
8369638
9369639
1469641
2469642
3469643
4469644
5469645
6469646
7469647
8469648
9469649
1569651
2569652
3569653
4569654
5569655
6569656
7569657
8569658
9569659
1669661
2669662
3669663
4669664
5669665
6669666
7669667
8669668
9669669
1769671
2769672
3769673
4769674
5769675
6769676
7769677
8769678
9769679
1869681
2869682
3869683
4869684
5869685
6869686
7869687
8869688
9869689
1969691
2969692
3969693
4969694
5969695
6969696
7969697
8969698
9969699
1079701
2079702
3079703
4079704
5079705
6079706
7079707
8079708
9079709
1179711
2179712
3179713
4179714
5179715
6179716
7179717
8179718
9179719
1279721
2279722
3279723
4279724
5279725
6279726
7279727
8279728
9279729
1379731
2379732
3379733
4379734
5379735
6379736
7379737
8379738
9379739
1479741
2479742
3479743
4479744
5479745
6479746
7479747
8479748
9479749
1579751
2579752
3579753
4579754
5579755
6579756
7579757
8579758
9579759
1679761
2679762
3679763
4679764
5679765
6679766
7679767
8679768
9679769
1779771
2779772
3779773
4779774
5779775
6779776
7779777
8779778
9779779
1879781
2879782
3879783
4879784
5879785
6879786
7879787
8879788
9879789
1979791
2979792
3979793
4979794
5979795
6979796
7979797
8979798
9979799
1089801
2089802
3089803
4089804
5089805
6089806
7089807
8089808
9089809
1189811
2189812
3189813
4189814
5189815
6189816
7189817
8189818
9189819
1289821
2289822
3289823
4289824
5289825
6289826
7289827
8289828
9289829
1389831
2389832
3389833
4389834
5389835
6389836
7389837
8389838
9389839
1489841
2489842
3489843
4489844
5489845
6489846
7489847
8489848
9489849
1589851
2589852
3589853
4589854
5589855
6589856
7589857
8589858
9589859
1689861
2689862
3689863
4689864
5689865
6689866
7689867
8689868
9689869
1789871
2789872
3789873
4789874
5789875
6789876
7789877
8789878
9789879
1889881
2889882
3889883
4889884
5889885
6889886
7889887
8889888
9889889
1989891
2989892
3989893
4989894
5989895
6989896
7989897
8989898
9989899
1099901
2099902
3099903
4099904
5099905
6099906
7099907
8099908
9099909
1199911
2199912
3199913
4199914
5199915
6199916
7199917
8199918
9199919
1299921
2299922
3299923
4299924
5299925
6299926
7299927
8299928
9299929
1399931
2399932
3399933
4399934
5399935
6399936
7399937
8399938
9399939
1499941
2499942
3499943
4499944
5499945
6499946
7499947
8499948
9499949
1599951
2599952
3599953
4599954
5599955
6599956
7599957
8599958
9599959
1699961
2699962
3699963
4699964
5699965
6699966
7699967
8699968
9699969
1799971
2799972
3799973
4799974
5799975
6799976
7799977
8799978
9799979
1899981
2899982
3899983
4899984
5899985
6899986
7899987
8899988
9899989
1999991
2999992
3999993
4999994
5999995
6999996
7999997
8999998
9999999
